Object      N(Broad   Q(Broad  Nprime   Qa 18.5  Si-1 7.9 Si-2 8.8 Si-3 9.7 Si-4 10. Si-5 11. Si-6 12. 
alpha_Cen_A  160.751  129.236   51.534   40.472  268.282  205.376  171.021  152.647  118.976  104.447
alpha_CMa    131.123  105.591   41.846   32.785  219.524  168.746  140.180  124.633   97.074   85.054
alpha_Boo    689.109  572.278  227.650  179.702 1121.556  852.869  736.880  669.469  527.952  461.706
alpha_Cet    207.632  178.775   71.934   56.456  325.757  245.877  222.941  206.013  166.134  146.559
alpha_Lyr     37.919   30.569   12.170    9.549   63.357   48.703   40.490   36.032   28.123   24.655
alpha_TrA    134.850  111.476   44.332   34.808  223.479  168.433  140.537  128.671  103.437   91.046
beta_Car     224.469  192.647   76.308   60.072  367.920  268.647  235.282  219.654  179.483  157.716
gamma_Cru    862.467  729.300  287.872  227.469 1434.809 1039.370  897.319  838.591  676.589  591.739
gamma_Dra    144.330  122.938   48.260   38.079  232.076  177.587  152.619  142.239  113.709   99.118
mu_UMa        88.557   76.221   30.298   23.809  138.840  106.137   93.930   87.309   70.784   61.911
Object      N(Broad   Q(Broad  Nprime   Qa 18.5  Si-1 7.9 Si-2 8.8 Si-3 9.7 Si-4 10. Si-5 11. Si-6 12. 
alpha_Boo    689.109  572.278  227.650  179.702 1121.556  852.869  736.880  669.469  527.952  461.706
alpha_Cet    207.632  178.775   71.934   56.456  325.757  245.877  222.941  206.013  166.134  146.559
alpha_Hya    126.562  106.455   42.118   33.010  202.016  153.929  135.933  125.239   97.649   85.706
alpha_Tau    608.120  514.904  203.212  161.256  984.116  738.034  644.667  593.732  477.110  417.734
alpha_TrA    134.850  111.476   44.332   34.808  223.479  168.433  140.537  128.671  103.437   91.046
beta_And     249.891  212.988   85.049   66.764  408.298  297.918  266.849  246.440  197.159  173.184
beta_Gem     116.583   94.190   37.576   29.452  193.199  148.313  124.129  110.913   86.709   76.072
beta_Peg     355.507  299.934  123.745   96.260  571.329  433.950  379.151  347.455  277.810  244.029
eps_Car      224.469  192.647   76.308   60.072  367.920  268.647  235.282  219.654  179.483  157.716
gamma_Dra    144.330  122.938   48.260   38.079  232.076  177.587  152.619  142.239  113.709   99.118
mu_UMa        88.557   76.221   30.298   23.809  138.840  106.137   93.930   87.309   70.784   61.911
Object      N(Broad   Q(Broad  Nprime   Qa 18.5  Si-1 7.9 Si-2 8.8 Si-3 9.7 Si-4 10. Si-5 11. Si-6 12. 
alpha_Boo    689.109  572.278  227.650  179.702 1121.556  852.869  736.880  669.469  527.952  461.706
alpha_Hya    126.562  106.455   42.118   33.010  202.016  153.929  135.933  125.239   97.649   85.706
alpha_Tau    608.120  514.904  203.212  161.256  984.116  738.034  644.667  593.732  477.110  417.734
gamma_Cru    862.467  729.300  287.872  227.469 1434.809 1039.370  897.319  838.591  676.589  591.739
  hd110458     5.207    4.207    1.678    1.315    8.629    6.624    5.544    4.954    3.872    3.397
  hd123139    53.232   43.008   17.158   13.448   88.218   67.723   56.679   50.644   39.593   34.736
   hd12929    76.220   63.241   25.294   19.900  123.969   94.263   81.463   74.004   58.329   51.147
  hd133774    11.054    9.360    3.694    2.931   17.888   13.415   11.719   10.793    8.673    7.594
    hd1522    17.813   14.606    5.761    4.523   29.157   22.430   19.013   17.243   13.392   11.716
  hd156277     6.882    5.641    2.257    1.774   11.395    8.610    7.267    6.609    5.192    4.573
  hd169916    28.836   23.644    9.326    7.322   47.199   36.312   30.776   27.912   21.680   18.964
  hd175775    17.917   14.691    5.794    4.549   29.328   22.560   19.124   17.343   13.470   11.783
  hd178345    10.683    8.631    3.443    2.699   17.706   13.591   11.375   10.165    7.946    6.971
  HD187642    31.994   25.643   10.201    8.007   53.240   41.536   34.615   31.040   24.348   21.668
  hd189831    10.527    8.913    3.518    2.791   17.035   12.775   11.160   10.278    8.259    7.231
  hd196171    19.467   15.728    6.274    4.918   32.260   24.765   20.727   18.520   14.478   12.702
   HD29291     8.905    7.157    2.859    2.246   14.807   11.448    9.550    8.552    6.699    5.928
   hd32887    51.389   43.511   17.172   13.627   83.160   62.365   54.477   50.169   40.317   35.300
   hd37160     9.019    7.286    2.907    2.279   14.946   11.474    9.603    8.580    6.708    5.885
    hd4128    51.438   41.559   16.580   12.995   85.245   65.440   54.770   48.937   38.258   33.565
   hd47105     6.901    5.563    2.215    1.738   11.530    8.863    7.369    6.558    5.118    4.486
    hd6805    18.808   15.422    6.083    4.776   30.787   23.682   20.075   18.206   14.140   12.369
   hd81420     6.374    5.397    2.130    1.690   10.314    7.735    6.756    6.223    5.000    4.378
Object      N(Broad   Q(Broad  Nprime   Qa 18.5  Si-1 7.9 Si-2 8.8 Si-3 9.7 Si-4 10. Si-5 11. Si-6 12. 
  HD100029    50.894   43.379   17.321   13.597   83.156   60.673   54.345   50.191   40.155   35.271
   HD10110     4.971    4.208    1.683    1.337    8.122    6.000    5.223    4.821    3.911    3.444
  HD101666     8.315    7.040    2.778    2.205   13.456   10.091    8.814    8.118    6.523    5.711
  HD102224    17.958   14.901    5.960    4.689   29.209   22.209   19.194   17.436   13.743   12.051
  HD102461    12.468   10.552    4.256    3.381   20.488   15.000   13.030   12.045    9.825    8.682
  HD102964    10.113    8.506    3.365    2.638   16.142   12.300   10.862   10.007    7.802    6.849
    HD1032    12.619   10.749    4.393    3.452   20.953   14.903   13.271   12.304   10.001    8.872
   HD10380    12.758   10.732    4.246    3.328   20.365   15.517   13.703   12.625    9.844    8.640
  HD105340     5.594    4.642    1.857    1.460    9.099    6.918    5.979    5.432    4.281    3.754
   HD10550     6.615    5.563    2.201    1.725   10.558    8.044    7.104    6.545    5.104    4.479
  HD105943     4.971    4.207    1.686    1.338    8.129    5.996    5.218    4.818    3.912    3.447
  HD106321     7.063    5.939    2.388    1.873   11.404    8.534    7.505    6.934    5.467    4.832
  HD107274    15.131   12.891    5.226    4.105   24.982   17.929   15.999   14.813   11.973   10.585
  HD107328     5.516    4.456    1.778    1.393    9.141    7.017    5.873    5.247    4.103    3.599
  HD108381     7.372    6.117    2.447    1.925   11.991    9.117    7.879    7.158    5.642    4.947
  HD108985     4.443    3.762    1.485    1.178    7.191    5.393    4.710    4.338    3.486    3.052
  HD109511     4.400    3.651    1.460    1.149    7.157    5.442    4.703    4.273    3.368    2.953
  HD109551     9.589    8.066    3.191    2.501   15.306   11.663   10.299    9.489    7.398    6.494
  HD110014     6.447    5.349    2.140    1.683   10.486    7.973    6.891    6.260    4.934    4.326
  HD110458     5.234    4.228    1.687    1.322    8.673    6.658    5.573    4.979    3.893    3.415
  HD111067     6.293    5.293    2.094    1.641   10.045    7.654    6.759    6.227    4.855    4.262
  HD111335     9.502    8.045    3.175    2.519   15.377   11.532   10.073    9.277    7.455    6.527
  HD111862     4.972    4.237    1.692    1.328    8.123    5.927    5.309    4.903    3.922    3.445
  HD111915    13.164   11.073    4.381    3.434   21.014   16.011   14.140   13.027   10.157    8.915
  HD112213    14.202   12.099    4.918    3.863   23.495   16.810   14.990   13.885   11.244    9.952
  HD113092     5.105    4.236    1.694    1.333    8.304    6.313    5.456    4.957    3.907    3.426
   HD11353    13.574   10.967    4.375    3.429   22.496   17.269   14.453   12.914   10.096    8.858
  HD113996    13.053   11.051    4.362    3.461   21.124   15.840   13.836   12.743   10.240    8.966
  HD114326     4.688    3.969    1.566    1.243    7.586    5.689    4.969    4.577    3.678    3.220
  HD114780     7.417    6.321    2.524    1.981   12.117    8.842    7.920    7.314    5.852    5.140
  HD115046     7.219    6.153    2.457    1.929   11.796    8.607    7.710    7.120    5.696    5.003
  HD115478     4.840    4.071    1.611    1.262    7.726    5.887    5.199    4.790    3.735    3.278
  HD116870    10.067    8.580    3.426    2.690   16.448   12.001   10.750    9.928    7.942    6.976
  HD116976     4.589    3.708    1.479    1.159    7.605    5.838    4.887    4.366    3.413    2.994
  HD119193     5.923    5.046    2.048    1.609    9.789    7.015    6.257    5.795    4.688    4.147
  HD120477    29.713   25.159    9.929    7.879   48.086   36.061   31.499   29.010   23.312   20.411
  HD120933    38.908   32.932   13.251   10.523   63.822   46.852   40.727   37.634   30.646   27.054
  HD121710     8.809    7.409    2.931    2.298   14.061   10.714    9.461    8.717    6.796    5.965
  HD123123    22.557   18.719    7.487    5.890   36.691   27.899   24.112   21.904   17.264   15.138
  HD123139    54.258   43.839   17.489   13.708   89.920   69.026   57.775   51.623   40.357   35.406
    HD1240     9.184    7.828    3.126    2.454   15.007   10.950    9.807    9.058    7.246    6.365
  HD124294    16.336   13.740    5.436    4.261   26.074   19.868   17.545   16.164   12.603   11.062
  HD124547    10.218    8.594    3.400    2.665   16.310   12.428   10.975   10.111    7.884    6.919
  HD124882    13.174   10.931    4.372    3.440   21.429   16.292   14.081   12.792   10.082    8.840
   HD12524    10.651    9.018    3.559    2.824   17.237   12.926   11.290   10.398    8.356    7.316
  HD125560     5.722    4.814    1.904    1.493    9.135    6.960    6.146    5.663    4.415    3.875
    HD1255    12.899   10.993    4.390    3.446   21.074   15.377   13.774   12.720   10.176    8.939
  HD125932     7.774    6.539    2.587    2.028   12.410    9.456    8.350    7.693    5.998    5.265
  HD126927     7.402    6.267    2.473    1.963   11.978    8.983    7.847    7.226    5.807    5.085
  HD127093     9.441    8.047    3.214    2.523   15.427   11.257   10.083    9.311    7.449    6.543
  HD127665    22.958   19.310    7.640    5.988   36.644   27.921   24.657   22.717   17.712   15.546
  HD128000     6.048    5.120    2.021    1.604    9.787    7.339    6.411    5.904    4.745    4.154
  HD128068     6.298    5.295    2.144    1.682   10.218    7.590    6.663    6.163    4.883    4.328
  HD128902     6.001    4.973    2.089    1.647   10.100    7.277    6.209    5.689    4.637    4.152
  HD129078    23.348   19.639    7.770    6.090   37.266   28.396   25.077   23.104   18.013   15.810
   HD12929    76.220   63.241   25.294   19.900  123.969   94.263   81.463   74.004   58.329   51.147
  HD130157     5.984    5.065    2.037    1.618    9.814    7.207    6.265    5.789    4.713    4.160
  HD130694    15.441   12.988    5.139    4.027   24.648   18.780   16.585   15.280   11.913   10.457
  HD132833    13.376   11.396    4.632    3.639   22.127   15.832   14.118   13.078   10.590    9.373
  HD133165     7.033    5.682    2.267    1.777   11.655    8.947    7.488    6.691    5.230    4.589
  HD133550     5.822    4.928    1.982    1.574    9.549    7.012    6.095    5.631    4.585    4.048
  HD133774    11.238    9.516    3.755    2.980   18.187   13.639   11.913   10.972    8.817    7.719
   HD13520    12.901   10.851    4.293    3.365   20.593   15.691   13.856   12.766    9.954    8.736
  HD135758     6.610    5.340    2.131    1.670   10.954    8.409    7.038    6.289    4.916    4.313
   HD13596     8.171    6.964    2.781    2.183   13.351    9.741    8.725    8.058    6.447    5.663
  HD136028     4.859    4.114    1.624    1.288    7.863    5.897    5.151    4.744    3.812    3.338
  HD136422    44.962   38.070   15.025   11.923   72.761   54.566   47.663   43.899   35.276   30.886
  HD137744     6.878    5.824    2.299    1.824   11.132    8.348    7.292    6.716    5.396    4.725
  HD137759    22.266   18.476    7.390    5.814   36.219   27.540   23.800   21.621   17.041   14.942
  HD138265     4.817    4.079    1.610    1.277    7.796    5.847    5.107    4.704    3.780    3.309
  HD138481    13.862   11.737    4.632    3.676   22.432   16.824   14.695   13.534   10.875    9.523
  HD138538    10.468    8.686    3.474    2.733   17.027   12.946   11.188   10.164    8.011    7.025
  HD139063    27.153   22.839    9.036    7.082   43.342   33.027   29.164   26.869   20.950   18.388
  HD139127    15.966   13.518    5.349    4.245   25.888   19.355   16.895   15.567   12.533   10.986
  HD139663     6.322    5.318    2.104    1.649   10.091    7.690    6.791    6.257    4.878    4.281
  HD139669    12.241   10.364    4.090    3.246   19.809   14.856   12.977   11.951    9.604    8.409
  HD140573    38.676   32.093   12.835   10.098   62.906   47.832   41.343   37.558   29.598   25.954
   HD14146     5.376    4.581    1.852    1.455    8.860    6.378    5.695    5.271    4.252    3.755
  HD141477    41.555   35.419   14.143   11.103   67.897   49.545   44.372   40.979   32.788   28.801
  HD141992    16.046   13.586    5.362    4.255   25.967   19.474   17.010   15.666   12.589   11.023
  HD142574    10.425    8.826    3.521    2.795   17.001   12.598   10.973   10.125    8.198    7.210
  HD142676     4.387    3.738    1.515    1.190    7.244    5.199    4.639    4.295    3.472    3.069
  HD143107    12.508   10.379    4.151    3.266   20.345   15.470   13.370   12.146    9.573    8.394
  HD143435     6.753    5.718    2.257    1.791   10.928    8.195    7.158    6.593    5.298    4.639
  HD144204     4.798    4.062    1.603    1.272    7.765    5.823    5.087    4.685    3.764    3.296
  HD145892     6.388    5.409    2.135    1.694   10.338    7.753    6.772    6.237    5.012    4.388
  HD145897     6.470    5.439    2.185    1.713   10.435    7.821    6.881    6.356    5.006    4.422
  HD146051   138.284  117.861   47.127   36.998  226.144  164.773  147.533  136.282  109.139   95.918
   HD14641     6.728    5.696    2.248    1.784   10.887    8.165    7.132    6.568    5.278    4.622
  HD146791    16.352   13.212    5.271    4.131   27.098   20.804   17.411   15.558   12.163   10.670
   HD14872    14.913   12.627    4.983    3.954   24.134   18.099   15.809   14.561   11.700   10.244
   HD14890     5.439    4.505    1.926    1.520    9.266    6.548    5.562    5.110    4.218    3.805
  HD149009     7.685    6.505    2.602    2.066   12.555    9.276    8.074    7.454    6.046    5.324
  HD149447    30.464   25.794   10.180    8.078   49.298   36.971   32.295   29.743   23.901   20.926
  HD150798   129.040  107.075   42.826   33.691  209.902  159.590  137.923  125.298   98.754   86.591
  HD151217    11.171    9.459    3.733    2.962   18.078   13.558   11.843   10.907    8.765    7.674
  HD151249    43.259   36.629   14.455   11.471   70.007   52.501   45.862   42.239   33.940   29.716
  HD151680    53.494   44.996   17.802   13.953   85.388   65.062   57.454   52.933   41.274   36.225
    HD1522    18.114   15.029    6.011    4.729   29.462   22.401   19.360   17.587   13.862   12.154
  HD152326     4.985    4.027    1.607    1.259    8.261    6.342    5.308    4.742    3.708    3.253
  HD152880     6.124    5.220    2.084    1.636   10.006    7.301    6.539    6.040    4.832    4.244
  HD153210    23.657   19.630    7.851    6.177   38.479   29.257   25.286   22.971   18.105   15.876
  HD155410     5.733    4.823    1.908    1.495    9.151    6.973    6.158    5.674    4.423    3.882
  HD156277     6.820    5.659    2.263    1.781   11.092    8.434    7.289    6.622    5.219    4.576
  HD156283    41.724   35.096   13.886   10.883   66.602   50.745   44.814   41.291   32.193   28.256
   HD15656     9.651    8.172    3.225    2.559   15.618   11.713   10.231    9.422    7.572    6.630
  HD156652     4.999    4.261    1.701    1.336    8.168    5.959    5.338    4.930    3.944    3.464
  HD157325     9.308    7.933    3.168    2.487   15.208   11.097    9.939    9.179    7.344    6.451
  HD157999    16.780   13.923    5.569    4.381   27.293   20.752   17.934   16.293   12.842   11.260
  HD158899    13.973   11.754    4.650    3.645   22.304   16.995   15.008   13.827   10.781    9.463
  HD158996     5.139    4.351    1.717    1.363    8.317    6.237    5.448    5.017    4.032    3.530
  HD161096    34.359   28.511   11.404    8.971   55.888   42.491   36.724   33.365   26.296   23.058
   HD16212    13.324   11.357    4.535    3.560   21.769   15.885   14.229   13.140   10.513    9.235
    HD1632     8.176    6.921    2.761    2.192   13.332    9.879    8.605    7.940    6.429    5.655
  HD163376    23.082   19.666    7.961    6.253   38.073   27.367   24.428   22.612   18.260   16.133
  HD163588    15.653   12.988    5.195    4.087   25.461   19.358   16.730   15.199   11.979   10.504
    HD1635     4.897    4.119    1.630    1.277    7.816    5.955    5.259    4.846    3.778    3.316
  HD163770    15.905   13.197    5.278    4.152   25.870   19.669   16.999   15.442   12.172   10.672
  HD164646     8.038    6.851    2.736    2.148   13.134    9.583    8.584    7.928    6.342    5.571
   HD16815     8.634    6.975    2.783    2.181   14.308   10.984    9.193    8.214    6.421    5.634
  HD168323     6.811    5.767    2.276    1.806   11.023    8.266    7.221    6.650    5.343    4.679
  HD168592     9.857    8.345    3.294    2.613   15.950   11.962   10.449    9.624    7.733    6.771
  HD168723    16.097   13.005    5.188    4.066   26.677   20.477   17.138   15.314   11.972   10.503
  HD168775     8.346    6.925    2.770    2.179   13.575   10.322    8.921    8.104    6.387    5.601
  HD169414    14.711   12.207    4.882    3.841   23.928   18.193   15.724   14.284   11.258    9.872
  HD169916    28.798   23.895    9.558    7.519   46.841   35.616   30.777   27.962   22.039   19.325
  HD170693     6.581    5.460    2.184    1.718   10.704    8.139    7.034    6.389    5.036    4.416
  HD170951     4.283    3.651    1.458    1.144    6.999    5.107    4.574    4.224    3.380    2.969
  HD171759    12.528   10.123    4.038    3.165   20.760   15.939   13.340   11.920    9.319    8.175
   HD17361     6.346    5.266    2.106    1.657   10.322    7.848    6.782    6.162    4.857    4.258
  HD173780     6.077    5.042    2.017    1.587    9.884    7.515    6.495    5.900    4.650    4.078
  HD174387    11.343    9.665    3.902    3.064   18.674   13.464   12.027   11.127    8.968    7.915
  HD175775    18.207   15.107    6.042    4.754   29.613   22.517   19.460   17.678   13.934   12.218
  HD176524     5.211    4.210    1.679    1.316    8.636    6.630    5.548    4.958    3.876    3.400
  HD176670     8.518    7.162    2.876    2.255   13.736   10.301    9.063    8.370    6.591    5.821
   HD17709    21.548   18.245    7.201    5.714   34.871   26.150   22.843   21.038   16.906   14.801
  HD177716    24.755   20.541    8.216    6.463   40.265   30.617   26.459   24.037   18.945   16.613
  HD177808     7.943    6.770    2.703    2.122   12.977    9.469    8.482    7.833    6.267    5.505
  HD178345    10.616    8.577    3.422    2.682   17.592   13.506   11.303   10.099    7.896    6.927
  HD179886     5.658    4.759    1.883    1.476    9.031    6.882    6.077    5.599    4.365    3.832
  HD180450    11.169    9.516    3.863    3.034   18.458   13.228   11.800   10.928    8.841    7.820
  HD181109     5.261    4.482    1.819    1.429    8.695    6.231    5.558    5.147    4.164    3.684
  HD182709     7.318    6.194    2.488    1.976   11.990    8.818    7.668    7.084    5.762    5.083
   HD18293     7.942    6.680    2.643    2.071   12.676    9.659    8.530    7.858    6.127    5.378
  HD183439    26.604   22.675    9.054    7.108   43.468   31.719   28.407   26.236   20.990   18.438
  HD184406     7.894    6.639    2.627    2.059   12.599    9.600    8.478    7.811    6.090    5.345
   HD18449     5.967    4.951    1.980    1.558    9.706    7.380    6.378    5.794    4.567    4.004
  HD184827    11.078    9.442    3.770    2.960   18.099   13.207   11.829   10.925    8.740    7.677
  HD184996     5.371    4.577    1.828    1.435    8.775    6.402    5.735    5.296    4.237    3.722
  HD186619     7.108    6.058    2.419    1.899   11.614    8.474    7.590    7.010    5.608    4.926
  HD186791    72.994   61.373   24.661   19.340  117.781   88.236   77.620   71.693   56.491   49.909
  HD187150     5.143    4.353    1.746    1.387    8.418    6.200    5.393    4.982    4.048    3.569
  HD187660     4.637    3.927    1.550    1.230    7.505    5.628    4.916    4.528    3.638    3.186
    HD1879     5.614    4.785    1.911    1.500    9.172    6.693    5.995    5.536    4.429    3.891
  HD188056     5.367    4.514    1.786    1.400    8.567    6.528    5.765    5.311    4.141    3.635
  HD188114     9.807    7.923    3.161    2.477   16.252   12.476   10.441    9.329    7.293    6.400
  HD188154     8.639    7.312    2.937    2.333   14.155   10.410    9.053    8.362    6.802    6.001
  HD188310     5.006    4.044    1.613    1.265    8.295    6.368    5.330    4.762    3.723    3.266
  HD188603    12.959   10.895    4.399    3.451   20.982   15.634   13.736   12.698   10.040    8.888
  HD189140     7.406    6.311    2.551    2.004   12.206    8.786    7.845    7.261    5.858    5.172
  HD189276    12.814   10.848    4.328    3.436   20.897   15.484   13.487   12.445   10.077    8.863
  HD189319    53.441   45.548   18.189   14.278   87.317   63.710   57.068   52.703   42.163   37.036
  HD189695     5.596    4.738    1.870    1.484    9.056    6.791    5.932    5.463    4.390    3.844
  HD189831    10.680    9.043    3.569    2.832   17.283   12.961   11.322   10.427    8.379    7.336
  HD190056     6.429    5.335    2.134    1.679   10.457    7.951    6.872    6.243    4.920    4.314
  HD192107     8.248    6.984    2.756    2.187   13.348   10.010    8.744    8.053    6.471    5.666
  HD192781     4.919    4.165    1.644    1.304    7.960    5.970    5.214    4.803    3.859    3.379
  HD193002     5.561    4.740    1.893    1.486    9.086    6.630    5.938    5.484    4.387    3.854
  HD193579     5.423    4.592    1.812    1.438    8.776    6.582    5.749    5.295    4.255    3.725
   HD19460     5.175    4.411    1.761    1.383    8.456    6.170    5.527    5.104    4.083    3.587
   HD19476     9.424    7.614    3.037    2.381   15.617   11.989   10.034    8.966    7.009    6.149
  HD196171    19.594   15.831    6.316    4.950   32.475   24.929   20.863   18.642   14.573   12.786
  HD196321    14.821   12.550    4.953    3.930   23.986   17.988   15.712   14.471   11.629   10.182
   HD19656     6.001    4.979    1.992    1.567    9.761    7.422    6.414    5.827    4.592    4.027
  HD196917     8.832    7.528    3.006    2.360   14.431   10.530    9.431    8.710    6.968    6.121
  HD197912     8.036    6.493    2.590    2.030   13.319   10.224    8.557    7.646    5.977    5.244
  HD197989    38.155   30.826   12.298    9.639   63.231   48.539   40.621   36.296   28.378   24.896
  HD198048    12.970   10.982    4.334    3.439   20.988   15.740   13.749   12.663   10.175    8.909
  HD198134     6.643    5.588    2.211    1.733   10.603    8.080    7.135    6.574    5.125    4.499
  HD198149    13.039   10.534    4.203    3.294   21.609   16.588   13.883   12.405    9.698    8.508
  HD198357     4.741    3.988    1.578    1.237    7.568    5.766    5.092    4.692    3.658    3.211
  HD198542    36.646   31.232   12.471    9.790   59.875   43.689   39.135   36.138   28.911   25.396
  HD199101     8.185    6.931    2.736    2.171   13.247    9.935    8.678    7.992    6.422    5.623
  HD199345     6.346    5.373    2.120    1.683   10.269    7.701    6.727    6.195    4.978    4.359
  HD199642     4.907    4.153    1.657    1.316    8.001    5.929    5.164    4.765    3.858    3.394
  HD199697     6.228    5.238    2.072    1.624    9.941    7.575    6.689    6.163    4.805    4.217
  HD200644     8.107    6.861    2.760    2.192   13.295    9.763    8.487    7.842    6.384    5.636
  HD200914    27.028   23.035    9.211    7.231   44.201   32.203   28.835   26.636   21.329   18.746
  HD201298     7.632    6.460    2.602    2.067   12.529    9.187    7.983    7.378    6.012    5.310
  HD201901     6.172    5.192    2.054    1.610    9.853    7.508    6.630    6.108    4.763    4.180
  HD203399     5.260    4.454    1.758    1.395    8.512    6.384    5.576    5.136    4.127    3.613
  HD203504     9.353    7.761    3.104    2.442   15.213   11.568    9.997    9.082    7.158    6.276
   HD20356     4.759    4.028    1.620    1.287    7.806    5.732    4.983    4.604    3.748    3.309
   HD20468    10.188    8.448    3.485    2.745   16.932   12.446   10.672    9.746    7.845    6.969
  HD205478    10.670    8.621    3.439    2.696   17.683   13.574   11.361   10.151    7.936    6.962
  HD206445     5.012    4.154    1.736    1.368    8.404    6.091    5.205    4.764    3.869    3.456
   HD20644    19.217   16.160    6.464    5.069   30.909   23.270   20.493   18.915   14.860   13.104
   HD20893     5.105    4.294    1.699    1.331    8.149    6.208    5.483    5.052    3.939    3.457
  HD209688    10.954    9.214    3.645    2.857   17.484   13.323   11.765   10.840    8.452    7.418
  HD211416    53.583   45.071   17.834   13.977   85.536   65.172   57.551   53.022   41.345   36.287
  HD213310    40.665   34.659   13.839   10.864   66.440   48.480   43.428   40.106   32.083   28.181
  HD214868    10.613    8.924    3.578    2.806   17.098   12.840   11.301   10.435    8.211    7.247
   HD21552    14.581   12.264    4.852    3.803   23.275   17.734   15.661   14.429   11.250    9.874
  HD216032    36.098   30.767   12.286    9.644   58.981   43.033   38.547   35.601   28.481   25.017
  HD216149     5.929    5.054    2.018    1.584    9.688    7.069    6.332    5.848    4.678    4.109
  HD216397    15.703   13.384    5.344    4.195   25.660   18.720   16.768   15.485   12.389   10.883
  HD216446     7.735    6.505    2.574    2.017   12.346    9.407    8.307    7.654    5.968    5.238
  HD217902     7.780    6.587    2.600    2.063   12.591    9.443    8.248    7.596    6.103    5.344
  HD218452     6.372    5.396    2.129    1.690   10.312    7.734    6.755    6.221    5.000    4.377
  HD218670     8.728    7.242    2.897    2.279   14.197   10.794    9.329    8.474    6.680    5.857
  HD219449     8.017    6.652    2.661    2.093   13.039    9.914    8.568    7.784    6.136    5.380
  HD219784     7.264    6.028    2.411    1.897   11.816    8.984    7.764    7.053    5.560    4.875
  HD219981     5.582    4.758    1.900    1.491    9.121    6.655    5.961    5.505    4.405    3.869
  HD220009     6.348    5.267    2.107    1.657   10.325    7.850    6.785    6.163    4.858    4.260
  HD220088     7.634    6.506    2.598    2.039   12.472    9.100    8.151    7.528    6.023    5.291
  HD220363     5.896    4.959    1.962    1.538    9.410    7.170    6.332    5.834    4.549    3.992
  HD220440     7.822    6.666    2.662    2.090   12.779    9.324    8.352    7.713    6.171    5.421
  HD220954     7.302    5.900    2.353    1.845   12.101    9.289    7.775    6.947    5.431    4.765
  HD221588     8.352    7.117    2.881    2.263   13.778    9.903    8.840    8.183    6.608    5.838
  HD222404    18.293   15.179    6.071    4.776   29.756   22.624   19.553   17.763   14.000   12.276
  HD224630     8.477    7.176    2.867    2.276   13.837   10.238    8.915    8.228    6.668    5.869
  HD224889     7.831    6.587    2.606    2.043   12.501    9.525    8.411    7.749    6.043    5.303
    HD2261    50.042   40.430   16.129   12.642   82.928   63.660   53.281   47.607   37.219   32.653
   HD22663     6.102    5.063    2.025    1.593    9.925    7.547    6.522    5.924    4.670    4.095
   HD23249    11.155    9.013    3.596    2.818   18.487   14.192   11.877   10.613    8.296    7.279
   HD23319     6.712    5.646    2.234    1.751   10.714    8.164    7.209    6.642    5.179    4.545
   HD23817    12.576   10.435    4.174    3.284   20.456   15.553   13.442   12.211    9.624    8.439
    HD2436     5.510    4.665    1.841    1.461    8.917    6.687    5.841    5.380    4.323    3.785
    HD2486    16.412   13.988    5.586    4.385   26.815   19.566   17.526   16.186   12.949   11.374
   HD25025   105.316   89.760   35.843   28.137  172.077  125.555  112.461  103.858   83.086   72.986
   HD25165     5.860    4.962    1.958    1.554    9.484    7.112    6.212    5.722    4.598    4.026
   HD25274     6.142    5.089    2.155    1.700   10.396    7.423    6.321    5.799    4.754    4.271
   HD25477     5.642    4.777    1.885    1.496    9.130    6.847    5.981    5.509    4.426    3.875
   HD26311     4.849    4.019    1.679    1.323    8.130    5.892    5.035    4.609    3.743    3.344
    HD2637     7.786    6.637    2.650    2.080   12.723    9.283    8.315    7.679    6.143    5.397
   HD26526     4.865    4.146    1.656    1.300    7.948    5.800    5.194    4.797    3.838    3.371
   HD26846     5.145    4.328    1.712    1.342    8.213    6.257    5.526    5.092    3.970    3.484
   HD26967    12.227   10.146    4.058    3.193   19.888   15.122   13.069   11.872    9.357    8.205
   HD27442     6.085    5.049    2.019    1.589    9.898    7.525    6.504    5.909    4.657    4.083
   HD27482     6.580    5.561    2.362    1.880   11.206    7.750    6.643    6.196    5.237    4.732
   HD27639    12.874   10.969    4.446    3.493   21.255   15.255   13.613   12.604   10.188    9.006
   HD27697     9.420    7.611    3.036    2.380   15.611   11.984   10.030    8.962    7.007    6.147
   HD28305    12.406   10.023    3.999    3.134   20.560   15.782   13.209   11.802    9.227    8.095
   HD28413     5.138    4.351    1.717    1.363    8.315    6.236    5.448    5.017    4.031    3.530
   HD28749     6.873    5.781    2.287    1.793   10.970    8.359    7.382    6.801    5.303    4.654
      HD28     5.469    4.419    1.763    1.382    9.064    6.958    5.824    5.204    4.068    3.569
   HD29085     5.525    4.464    1.781    1.396    9.156    7.028    5.882    5.256    4.109    3.605
   HD29503    12.170   10.098    4.039    3.177   19.795   15.051   13.007   11.816    9.313    8.167
   HD30080     4.870    4.037    1.680    1.324    8.143    5.929    5.072    4.639    3.757    3.350
   HD30338     6.141    5.166    2.044    1.602    9.802    7.469    6.596    6.077    4.739    4.159
   HD31312     4.887    4.138    1.633    1.296    7.909    5.932    5.182    4.772    3.835    3.357
   HD31398    80.165   67.408   27.002   21.174  129.071   97.021   85.411   78.853   62.007   54.708
   HD31421    12.033    9.985    3.993    3.142   19.573   14.881   12.861   11.684    9.209    8.075
   HD31767    11.919    9.890    3.956    3.112   19.386   14.741   12.740   11.573    9.122    7.998
   HD32820     8.048    6.770    2.678    2.099   12.847    9.788    8.645    7.965    6.209    5.450
   HD32887    51.416   43.536   17.181   13.634   83.207   62.403   54.508   50.203   40.342   35.320
    HD3346    14.395   12.186    4.869    3.865   23.498   17.385   15.138   13.971   11.323    9.966
   HD33554    10.075    8.531    3.367    2.672   16.305   12.228   10.681    9.837    7.905    6.921
   HD33856     7.683    6.375    2.550    2.006   12.496    9.501    8.211    7.460    5.879    5.156
   HD33872     5.108    4.324    1.732    1.375    8.353    6.162    5.362    4.951    4.020    3.542
   HD34334    10.741    9.034    3.574    2.801   17.144   13.063   11.536   10.629    8.287    7.273
   HD34450     6.943    5.917    2.363    1.855   11.343    8.277    7.414    6.847    5.477    4.811
   HD35536     6.910    5.851    2.309    1.832   11.183    8.387    7.326    6.747    5.422    4.747
   HD36167    18.609   15.757    6.219    4.935   30.115   22.585   19.728   18.170   14.600   12.784
   HD36678     9.468    8.068    3.257    2.558   15.588   11.238   10.038    9.288    7.487    6.607
    HD3712    54.302   43.875   17.503   13.719   89.992   69.083   57.820   51.664   40.389   35.434
   HD37160     8.765    7.081    2.825    2.214   14.525   11.151    9.333    8.339    6.519    5.719
   HD37984     5.913    4.906    1.962    1.544    9.617    7.312    6.320    5.741    4.525    3.968
   HD38944    24.769   21.112    8.430    6.618   40.470   29.531   26.450   24.428   19.543   17.167
   HD39003    10.752    8.687    3.466    2.716   17.818   13.679   11.448   10.229    7.997    7.016
   HD39364    12.594   10.175    4.059    3.182   20.872   16.022   13.410   11.982    9.367    8.218
   HD39400     9.537    7.911    3.213    2.529   15.681   11.723   10.091    9.191    7.322    6.462
   HD39425    25.498   21.157    8.462    6.657   41.471   31.533   27.251   24.757   19.513   17.110
   HD39523     6.416    5.324    2.130    1.675   10.436    7.935    6.858    6.230    4.910    4.306
   HD39853     7.882    6.674    2.634    2.090   12.755    9.566    8.356    7.696    6.183    5.414
   HD40035    11.158    9.014    3.596    2.819   18.490   14.194   11.880   10.614    8.299    7.281
   HD40091     9.264    7.844    3.096    2.456   14.992   11.243    9.821    9.045    7.268    6.364
   HD40808    11.144    9.004    3.592    2.815   18.467   14.177   11.866   10.603    8.289    7.272
   HD41047     8.478    7.178    2.833    2.248   13.719   10.288    8.987    8.277    6.651    5.823
    HD4128    51.290   41.439   16.531   12.957   84.997   65.248   54.605   48.796   38.147   33.467
   HD41312     8.715    7.330    2.900    2.273   13.910   10.599    9.360    8.624    6.724    5.901
   HD42540     5.703    4.797    1.898    1.487    9.102    6.935    6.125    5.643    4.400    3.862
   HD42633     4.936    4.152    1.643    1.287    7.878    6.003    5.301    4.884    3.808    3.343
    HD4301     6.489    5.530    2.208    1.734   10.602    7.736    6.929    6.400    5.119    4.497
   HD43785     5.551    4.485    1.789    1.402    9.200    7.063    5.911    5.282    4.129    3.622
   HD44951     4.887    4.111    1.626    1.275    7.801    5.944    5.249    4.836    3.771    3.310
   HD45018     8.661    7.334    2.894    2.297   14.017   10.512    9.182    8.456    6.795    5.950
    HD4502    11.878    9.856    3.942    3.101   19.320   14.690   12.695   11.533    9.089    7.970
   HD45669     6.647    5.629    2.221    1.763   10.758    8.068    7.047    6.490    5.215    4.566
   HD45866     5.001    4.235    1.671    1.326    8.094    6.070    5.302    4.884    3.924    3.436
   HD46037     6.670    5.685    2.270    1.782   10.898    7.952    7.122    6.578    5.262    4.623
   HD46184     4.859    4.087    1.617    1.267    7.755    5.910    5.218    4.808    3.749    3.290
   HD46815     5.304    4.459    1.796    1.409    8.573    6.406    5.631    5.203    4.107    3.632
   HD47174     6.233    5.172    2.069    1.627   10.139    7.709    6.662    6.052    4.770    4.183
   HD47182     5.613    4.752    1.876    1.488    9.083    6.812    5.950    5.480    4.404    3.856
   HD47205     9.488    7.873    3.149    2.477   15.433   11.734   10.142    9.214    7.261    6.367
   HD47536     4.822    4.001    1.600    1.259    7.843    5.964    5.154    4.682    3.690    3.236
   HD47667    10.830    8.982    3.673    2.892   17.888   13.277   11.410   10.404    8.325    7.369
   HD47914    10.376    8.786    3.467    2.752   16.792   12.593   11.000   10.131    8.141    7.127
    HD4815     6.689    5.663    2.235    1.774   10.824    8.118    7.091    6.531    5.248    4.595
   HD48217    10.251    8.737    3.489    2.739   16.749   12.221   10.946   10.109    8.087    7.104
   HD48433     7.751    6.263    2.498    1.958   12.846    9.861    8.254    7.374    5.765    5.058
   HD49293     6.599    5.332    2.127    1.667   10.937    8.396    7.026    6.278    4.909    4.306
   HD49517     4.791    4.027    1.642    1.288    7.809    5.757    5.045    4.672    3.719    3.306
   HD49520     5.717    4.809    1.903    1.491    9.126    6.953    6.140    5.658    4.411    3.872
   HD49877     7.189    6.087    2.402    1.906   11.633    8.724    7.621    7.018    5.640    4.938
   HD49968     5.154    4.364    1.722    1.367    8.341    6.255    5.464    5.032    4.044    3.541
   HD50235     7.005    5.931    2.341    1.857   11.336    8.501    7.426    6.839    5.496    4.812
   HD50310    32.258   26.767   10.706    8.423   52.470   39.896   34.478   31.323   24.688   21.647
    HD5112    17.001   14.490    5.786    4.542   27.779   20.268   18.154   16.766   13.414   11.782
    HD5234     6.181    5.128    2.051    1.614   10.053    7.644    6.606    6.001    4.730    4.148
   HD52960     6.544    5.503    2.201    1.726   10.527    7.925    6.980    6.442    5.060    4.462
   HD52976     5.323    4.507    1.779    1.412    8.615    6.461    5.643    5.197    4.177    3.657
   HD53287     6.074    5.172    2.137    1.680   10.163    7.142    6.343    5.891    4.824    4.300
   HD53501     6.357    5.345    2.141    1.679   10.234    7.693    6.773    6.253    4.917    4.338
   HD53510     5.847    4.984    1.990    1.562    9.553    6.970    6.244    5.766    4.613    4.052
    HD5462     7.445    6.341    2.606    2.048   12.410    8.774    7.803    7.241    5.907    5.252
   HD54716    10.430    8.773    3.471    2.720   16.648   12.685   11.202   10.321    8.047    7.063
   HD55526     5.603    4.650    1.860    1.463    9.114    6.930    5.989    5.441    4.288    3.760
   HD55775     6.340    5.368    2.119    1.681   10.260    7.695    6.722    6.191    4.974    4.355
   HD55865    11.348    9.168    3.658    2.867   18.805   14.437   12.082   10.796    8.440    7.405
   HD57423    11.923   10.163    4.058    3.186   19.482   14.215   12.733   11.759    9.407    8.264
   HD57646     6.986    5.914    2.366    1.879   11.414    8.433    7.340    6.776    5.496    4.840
    HD5848    10.092    8.374    3.349    2.635   16.414   12.481   10.786    9.799    7.723    6.772
   HD59294     8.500    7.053    2.821    2.219   13.826   10.513    9.086    8.254    6.505    5.704
   HD59311     6.131    5.192    2.049    1.626    9.923    7.441    6.500    5.986    4.810    4.212
   HD59381     6.983    5.911    2.368    1.880   11.420    8.424    7.330    6.769    5.496    4.842
   HD59717    65.368   55.346   21.842   17.332  105.777   79.329   69.294   63.813   51.285   44.901
   HD60522    34.417   29.335   11.713    9.195   56.231   41.031   36.756   33.942   27.155   23.853
    HD6112     8.491    7.234    2.940    2.310   14.046   10.051    8.962    8.302    6.723    5.950
   HD61248     8.902    7.488    2.962    2.322   14.209   10.827    9.561    8.809    6.868    6.028
   HD61294     8.607    7.334    2.961    2.325   14.170   10.216    9.125    8.443    6.805    6.005
   HD61338    14.925   12.637    4.987    3.958   24.150   18.113   15.822   14.572   11.709   10.252
   HD61603     5.363    4.541    1.792    1.422    8.678    6.508    5.685    5.236    4.207    3.684
    HD6186     6.808    5.500    2.194    1.720   11.282    8.661    7.249    6.477    5.064    4.442
   HD61935     9.407    7.600    3.032    2.376   15.589   11.967   10.015    8.949    6.996    6.138
   HD62044     9.563    7.935    3.174    2.497   15.555   11.827   10.221    9.285    7.318    6.417
   HD62285     9.566    8.100    3.197    2.537   15.481   11.610   10.141    9.340    7.505    6.571
   HD62689     5.225    4.451    1.821    1.431    8.685    6.168    5.491    5.092    4.142    3.677
   HD62721    12.683   10.739    4.238    3.363   20.523   15.392   13.444   12.382    9.950    8.712
   HD62902     4.664    3.949    1.558    1.237    7.548    5.660    4.945    4.554    3.659    3.204
   HD63295     9.816    7.931    3.164    2.480   16.268   12.488   10.452    9.339    7.301    6.406
   HD63696     6.494    5.499    2.170    1.722   10.510    7.882    6.885    6.341    5.096    4.461
   HD63697     5.259    4.423    1.750    1.372    8.394    6.396    5.648    5.204    4.057    3.561
   HD63744     5.083    4.107    1.638    1.284    8.424    6.467    5.412    4.836    3.781    3.317
   HD64307     5.970    5.020    2.016    1.581    9.630    7.218    6.350    5.865    4.620    4.081
   HD65662     5.565    4.677    1.912    1.501    9.089    6.681    5.851    5.420    4.322    3.847
   HD65695     5.785    4.800    1.920    1.511    9.410    7.155    6.184    5.618    4.428    3.882
   HD66141    11.490    9.534    3.813    3.000   18.691   14.210   12.281   11.156    8.793    7.711
   HD67582     8.549    7.191    2.845    2.230   13.645   10.397    9.182    8.460    6.596    5.789
    HD6805    18.915   15.695    6.278    4.939   30.765   23.393   20.217   18.366   14.476   12.693
    HD6953     5.022    4.252    1.678    1.332    8.127    6.095    5.324    4.903    3.940    3.450
   HD70272    25.729   21.784    8.598    6.823   41.636   31.224   27.273   25.120   20.185   17.674
   HD70555     9.457    7.951    3.202    2.511   15.283   11.421   10.041    9.279    7.323    6.475
   HD71093     4.883    4.135    1.632    1.295    7.902    5.926    5.176    4.768    3.831    3.354
   HD71095     5.555    4.703    1.856    1.473    8.989    6.741    5.888    5.423    4.358    3.816
   HD71701     8.023    6.657    2.663    2.095   13.051    9.923    8.575    7.790    6.140    5.384
   HD71878    13.653   11.329    4.531    3.565   22.209   16.884   14.592   13.257   10.448    9.162
   HD72094    11.507    9.743    3.845    3.051   18.620   13.965   12.199   11.235    9.028    7.904
     HD720     4.799    3.982    1.593    1.253    7.806    5.935    5.130    4.660    3.673    3.221
   HD73108     7.523    6.242    2.496    1.964   12.236    9.303    8.041    7.304    5.757    5.048
    HD7318     4.989    4.031    1.608    1.260    8.268    6.347    5.312    4.746    3.711    3.255
   HD73471     8.096    6.718    2.687    2.114   13.169   10.013    8.654    7.862    6.196    5.434
   HD73603     6.886    5.829    2.326    1.846   11.229    8.320    7.248    6.688    5.415    4.763
   HD74442    10.523    8.502    3.392    2.658   17.439   13.387   11.204   10.011    7.827    6.866
   HD74860     5.472    4.632    1.853    1.472    8.941    6.605    5.750    5.308    4.306    3.792
   HD75691    14.957   12.581    4.978    3.901   23.874   18.191   16.065   14.801   11.540   10.129
   HD76110     8.737    7.447    2.974    2.334   14.275   10.416    9.330    8.616    6.894    6.055
   HD76351     5.234    4.432    1.749    1.388    8.470    6.352    5.549    5.110    4.107    3.595
    HD7647     5.990    5.071    2.023    1.606    9.768    7.238    6.305    5.818    4.710    4.143
   HD77800     9.914    8.394    3.313    2.629   16.043   12.032   10.510    9.680    7.778    6.810
   HD77996     5.392    4.473    1.808    1.423    8.836    6.641    5.724    5.209    4.136    3.643
     HD787     8.795    7.447    2.939    2.332   14.233   10.674    9.324    8.587    6.900    6.042
   HD79354     9.914    8.394    3.313    2.629   16.043   12.032   10.510    9.680    7.778    6.810
   HD79554     5.105    4.233    1.740    1.370    8.463    6.245    5.359    4.891    3.928    3.484
   HD80493    74.113   62.754   24.766   19.654  119.936   89.944   78.564   72.361   58.147   50.909
   HD81146     9.216    7.647    3.059    2.406   14.990   11.398    9.850    8.949    7.053    6.184
   HD81420     6.473    5.481    2.163    1.716   10.475    7.856    6.862    6.319    5.078    4.446
   HD81799     5.715    4.807    1.902    1.491    9.122    6.951    6.139    5.656    4.410    3.870
   HD81817    16.775   14.110    5.583    4.375   26.778   20.402   18.018   16.600   12.943   11.360
   HD82308    23.568   19.956    7.876    6.250   38.143   28.604   24.985   23.012   18.492   16.190
   HD82381     6.976    5.868    2.321    1.819   11.135    8.485    7.492    6.903    5.382    4.724
   HD82660     4.660    3.946    1.557    1.236    7.542    5.656    4.940    4.550    3.656    3.201
   HD82668    70.700   59.864   23.626   18.747  114.414   85.803   74.946   69.028   55.468   48.566
   HD83126     5.450    4.645    1.855    1.456    8.905    6.497    5.820    5.375    4.300    3.777
   HD83425    10.396    8.745    3.460    2.712   16.594   12.644   11.165   10.288    8.021    7.040
   HD83618    18.323   15.412    6.098    4.779   29.249   22.285   19.681   18.132   14.137   12.408
   HD83787     7.473    6.326    2.527    2.006   12.197    9.024    7.858    7.253    5.878    5.172
    HD8388     8.968    7.588    3.078    2.445   14.791   10.764    9.338    8.640    7.074    6.266
    HD8498     8.768    7.473    2.984    2.342   14.326   10.453    9.363    8.647    6.917    6.076
    HD8512    13.880   11.214    4.474    3.506   23.000   17.657   14.778   13.204   10.323    9.057
   HD85503    13.751   11.410    4.564    3.590   22.369   17.007   14.698   13.352   10.524    9.228
   HD86378     6.627    5.611    2.215    1.757   10.725    8.043    7.025    6.470    5.199    4.552
    HD8705     6.321    5.317    2.104    1.649   10.090    7.688    6.789    6.255    4.877    4.281
   HD87837    16.330   13.735    5.434    4.259   26.065   19.860   17.539   16.158   12.599   11.058
    HD8810     5.940    5.030    1.985    1.575    9.613    7.209    6.297    5.800    4.660    4.080
   HD89388    40.839   34.349   13.590   10.651   65.185   49.667   43.865   40.410   31.508   27.654
   HD89682    14.948   12.573    4.975    3.899   23.858   18.181   16.056   14.792   11.534   10.122
   HD89998     4.738    3.932    1.573    1.237    7.707    5.860    5.064    4.601    3.626    3.180
   HD90957     4.831    4.062    1.632    1.280    7.793    5.841    5.139    4.746    3.739    3.303
   HD91056    25.383   21.609    9.002    7.079   42.705   29.745   26.359   24.518   20.191   18.058
    HD9138     9.907    8.333    3.297    2.584   15.814   12.049   10.641    9.804    7.643    6.709
   HD92305    32.832   27.799   10.971    8.706   53.134   39.846   34.806   32.055   25.759   22.553
   HD92523     8.796    7.398    2.927    2.294   14.040   10.698    9.447    8.704    6.786    5.956
   HD92682     6.729    5.652    2.362    1.855   11.157    8.006    6.973    6.483    5.248    4.715
    HD9362     9.114    7.363    2.937    2.302   15.103   11.594    9.704    8.671    6.778    5.946
   HD93813    33.452   27.756   11.102    8.734   54.412   41.370   35.755   32.480   25.600   22.448
   HD94247     6.278    5.281    2.089    1.637   10.021    7.636    6.743    6.212    4.844    4.252
   HD94264    11.964    9.666    3.856    3.022   19.826   15.220   12.738   11.382    8.898    7.807
   HD94336     4.879    4.159    1.661    1.304    7.972    5.817    5.210    4.812    3.850    3.381
   HD95212     6.472    5.480    2.163    1.716   10.474    7.855    6.861    6.319    5.078    4.446
   HD95272     9.426    7.616    3.038    2.381   15.621   11.992   10.036    8.967    7.011    6.151
   HD95314     5.131    4.344    1.714    1.360    8.303    6.227    5.439    5.009    4.025    3.524
   HD95578    20.661   17.609    7.032    5.520   33.757   24.633   22.062   20.375   16.300   14.318
   HD96833    28.732   23.840    9.535    7.502   46.735   35.534   30.711   27.898   21.988   19.281
    HD9692     4.535    3.863    1.566    1.230    7.487    5.374    4.795    4.439    3.588    3.172
   HD97576     9.165    7.757    3.124    2.481   15.045   11.031    9.587    8.860    7.220    6.377
   HD98118    12.345   10.522    4.202    3.298   20.171   14.718   13.183   12.175    9.740    8.556
   HD98262    31.534   26.524   10.494    8.225   50.336   38.354   33.871   31.205   24.330   21.355
   HD99167    17.688   14.977    5.911    4.691   28.622   21.467   18.751   17.269   13.877   12.150
    HD9927    20.341   17.110    6.769    5.305   32.472   24.738   21.847   20.129   15.694   13.774
   HD99998    13.731   11.549    4.569    3.581   21.918   16.700   14.747   13.587   10.594    9.299
Object      N(Broad   Q(Broad  Nprime   Qa 18.5  Si-1 7.9 Si-2 8.8 Si-3 9.7 Si-4 10. Si-5 11. Si-6 12. 
  HD106321     7.213    6.069    2.402    1.883   11.505    8.770    7.747    7.139    5.567    4.887
  HD109511     4.402    3.652    1.461    1.149    7.160    5.444    4.705    4.274    3.369    2.954
  HD109551     9.491    7.983    3.159    2.475   15.149   11.543   10.194    9.392    7.323    6.427
    HD1240     9.402    8.014    3.200    2.512   15.362   11.209   10.040    9.273    7.418    6.516
  HD124547    10.246    8.619    3.410    2.672   16.355   12.462   11.005   10.139    7.905    6.938
   HD12929    76.029   63.085   25.232   19.850  123.664   94.028   81.261   73.820   58.184   51.023
   HD13520    12.961   10.902    4.313    3.381   20.689   15.764   13.921   12.826   10.000    8.777
  HD141992    15.406   13.044    5.148    4.085   24.931   18.697   16.332   15.042   12.087   10.582
  HD170693     6.693    5.554    2.221    1.748   10.888    8.278    7.154    6.499    5.123    4.492
   HD18449     5.975    4.957    1.983    1.560    9.718    7.388    6.386    5.801    4.572    4.009
   HD20893     5.167    4.346    1.720    1.348    8.247    6.284    5.550    5.113    3.987    3.499
   HD28749     7.220    6.073    2.403    1.883   11.524    8.781    7.754    7.145    5.571    4.889
   HD30338     6.313    5.310    2.101    1.647   10.077    7.678    6.781    6.247    4.871    4.275
   HD31398    81.722   68.757   27.211   21.329  130.369   99.374   87.775   80.876   63.074   55.363
   HD31767    11.832    9.818    3.927    3.089   19.245   14.634   12.646   11.489    9.055    7.940
   HD33872     5.009    4.242    1.675    1.329    8.100    6.077    5.309    4.891    3.931    3.442
   HD34334    10.913    9.180    3.632    2.846   17.419   13.273   11.721   10.800    8.420    7.390
   HD36167    19.253   16.302    6.434    5.105   31.155   23.366   20.410   18.798   15.106   13.225
   HD39364    12.257    9.903    3.951    3.097   20.314   15.593   13.051   11.661    9.116    7.998
   HD39400     9.110    7.562    3.026    2.381   14.808   11.264    9.737    8.847    6.975    6.117
   HD39425    24.902   20.662    8.264    6.502   40.505   30.796   26.615   24.179   19.058   16.711
   HD39523     6.441    5.344    2.137    1.682   10.476    7.965    6.884    6.253    4.929    4.322
   HD42540     5.472    4.603    1.821    1.427    8.734    6.655    5.877    5.415    4.222    3.705
   HD42633     4.840    4.071    1.611    1.262    7.725    5.887    5.199    4.789    3.734    3.278
   HD46815     5.217    4.389    1.737    1.362    8.320    6.343    5.603    5.163    4.027    3.535
   HD55865    11.351    9.171    3.659    2.868   18.811   14.441   12.086   10.799    8.443    7.407
   HD65662     5.655    4.759    1.885    1.478    9.013    6.874    6.074    5.597    4.367    3.834
   HD71878    13.455   11.164    4.465    3.513   21.885   16.640   14.381   13.064   10.297    9.029
    HD8810     5.940    5.030    1.985    1.575    9.613    7.209    6.297    5.800    4.660    4.080
Object      N(Broad   Q(Broad  Nprime   Qa 18.5  Si-1 7.9 Si-2 8.8 Si-3 9.7 Si-4 10. Si-5 11. Si-6 12. 
  HD105116*   22.889   18.300    7.371    5.790   38.575   29.644   24.581   22.064   17.447   15.621
  HD106807*   13.212   10.571    4.233    3.323   22.186   17.129   14.229   12.788   10.088    9.022
  HD118280*  256.755  215.693   86.518   67.887  413.945  311.911  274.410  253.829  200.482  177.887
  HD118290*  578.950  489.809  193.546  153.594  937.077  705.357  615.994  568.161  457.804  402.592
  HD136879*   14.797   11.846    4.778    3.753   25.015   19.086   15.815   14.240   11.311   10.150
  HD139308*  493.768  411.022  165.494  130.138  803.835  607.720  527.892  483.556  383.458  339.621
  HD139513*  134.614  111.527   45.668   35.998  222.860  165.575  142.162  129.944  104.538   93.126
  HD149845*  443.649  369.300  149.174  117.342  724.183  545.132  473.043  433.615  344.709  305.750
   HD15911*    6.186    4.953    1.958    1.535   10.287    8.073    6.730    6.043    4.733    4.219
  HD172651*   1031.86  858.603  352.927  278.024 1707.816 1256.893 1085.163  997.885  803.857  718.611
  HD197806*   74.160   59.814   24.355   19.122  124.751   94.070   78.313   70.406   56.092   49.991
  HD215141*  207.157  174.763   69.173   54.586  333.553  252.808  221.948  204.825  162.654  143.298
  HD216009*   24.950   19.977    7.945    6.233   41.698   32.447   27.003   24.264   19.084   17.044
  HD222732*  147.113  122.482   48.814   38.353  237.543  181.972  158.545  144.966  114.080  100.593
   HD29250*    7.150    5.717    2.297    1.804   12.019    9.263    7.685    6.897    5.442    4.864
    HD5319*  207.192  167.160   66.694   52.273  342.890  265.571  222.416  199.248  156.327  138.132
   HD62388*   12.673   10.146    4.047    3.176   21.231   16.453   13.679   12.297    9.691    8.665
   HD71264*   15.014   12.020    4.827    3.790   25.291   19.416   16.110   14.495   11.478   10.285
   HD84090*   15.440   12.349    4.930    3.870   25.825   20.071   16.686   14.971   11.765   10.498
 SA103_526*   18.278   14.745    5.939    4.658   30.479   23.316   19.473   17.474   13.806   12.248
 SA107_484*   18.309   15.385    6.088    4.771   29.196   22.393   19.779   18.251   14.267   12.583
SA108_1918*   27.538   23.131    9.355    7.346   44.693   33.319   29.242   27.090   21.531   19.176
 SA108_475*   26.579   22.326    8.979    7.047   42.937   32.244   28.348   26.233   20.761   18.443
 SA109_231*  195.964  163.049   67.128   52.888  324.744  238.505  205.837  189.327  152.692  136.586
 SA112_275*   63.687   51.364   20.987   16.483  107.433   80.647   67.063   60.331   48.196   43.015
 SA112_595*   52.020   44.300   17.810   13.988   85.391   62.071   55.495   51.370   41.377   36.582
 SA113_259*   10.347    8.614    3.435    2.699   16.713   12.796   11.147   10.193    8.024    7.077
 SA113_269*   71.755   57.879   23.377   18.341  119.918   91.406   76.272   68.470   54.217   48.151
 SA114_548*   19.097   16.042    6.434    5.049   30.781   23.201   20.411   18.880   14.911   13.229
 SA114_656*    3.531    2.900    1.159    0.911    5.772    4.438    3.795    3.435    2.708    2.389
 SA114_670*   22.179   18.378    7.445    5.863   36.403   27.429   23.623   21.550   17.196   15.247
 SA115_516*   31.113   25.788   10.315    8.115   50.551   38.721   33.476   30.469   24.081   21.235
  SA94_251*   20.205   16.589    6.757    5.317   33.541   25.150   21.388   19.427   15.535   13.818
