Object      N(Broad   Q(Broad  Nprime   Qa 18.5  Si-1 7.9 Si-2 8.8 Si-3 9.7 Si-4 10. Si-5 11. Si-6 12. 
alpha_Cen_A  156.291  129.350   51.880   43.157  263.654  205.031  170.365  151.293  118.996  104.747
alpha_CMa    127.516  105.689   42.149   34.980  215.652  168.476  139.619  123.445   97.082   85.291
alpha_Boo    671.499  572.797  228.916  190.813 1093.563  851.579  734.138  664.341  528.064  462.952
alpha_Cet    203.145  178.925   72.213   59.829  313.778  245.508  221.768  204.635  166.185  146.981
alpha_Lyr     36.877   30.597   12.253   10.180   62.241   48.623   40.329   35.693   28.126   24.723
alpha_TrA    131.518  111.577   44.376   36.716  216.398  168.180  139.992  127.685  103.455   91.314
beta_Car     219.219  192.834   76.350   63.288  352.914  268.265  234.442  218.319  179.493  158.169
gamma_Cru    841.066  730.023  288.014  239.590 1390.496 1037.701  893.338  833.598  676.711  593.507
gamma_Dra    141.140  123.067   48.469   40.348  223.836  177.327  152.537  141.530  113.716   99.397
mu_UMa        86.656   76.296   30.321   25.110  134.415  105.993   93.614   86.837   70.792   62.085
Object      N(Broad   Q(Broad  Nprime   Qa 18.5  Si-1 7.9 Si-2 8.8 Si-3 9.7 Si-4 10. Si-5 11. Si-6 12. 
alpha_Boo    671.499  572.797  228.916  190.814 1093.563  851.579  734.138  664.341  528.064  462.952
alpha_Cet    203.145  178.925   72.213   59.829  313.778  245.508  221.768  204.635  166.185  146.981
alpha_Hya    123.477  106.555   42.337   35.043  196.195  153.735  135.625  124.471   97.663   85.947
alpha_Tau    593.837  515.392  204.178  170.747  951.447  736.976  642.138  589.884  477.157  418.937
alpha_TrA    131.518  111.577   44.376   36.716  216.398  168.180  139.992  127.685  103.455   91.314
beta_And     243.771  213.184   85.375   70.782  393.811  297.449  265.749  244.795  197.181  173.672
beta_Gem     113.415   94.278   37.780   31.310  189.337  148.071  123.599  109.940   86.721   76.277
beta_Peg     346.993  300.214  124.255  102.202  554.101  433.319  377.497  344.846  277.835  244.649
eta_Car  5   219.219  192.834   76.350   63.288  352.914  268.265  234.442  218.319  179.493  158.169
gamma_Dra    141.140  123.067   48.469   40.348  223.836  177.327  152.537  141.530  113.716   99.397
mu_UMa   6    86.656   76.296   30.321   25.110  134.415  105.993   93.614   86.837   70.792   62.085
Object      N(Broad   Q(Broad  Nprime   Qa 18.5  Si-1 7.9 Si-2 8.8 Si-3 9.7 Si-4 10. Si-5 11. Si-6 12. 
alpha_Boo    671.499  572.797  228.916  190.813 1093.563  851.579  734.138  664.341  528.064  462.952
alpha_Hya    123.477  106.555   42.337   35.043  196.195  153.735  135.625  124.471   97.663   85.947
alpha_TrA    593.837  515.392  204.178  170.747  951.447  736.976  642.138  589.884  477.157  418.937
gamma_Cru    841.066  730.023  288.014  239.590 1390.496 1037.701  893.338  833.598  676.711  593.507
  hd110458     5.065    4.210    1.687    1.398    8.456    6.613    5.520    4.910    3.873    3.407
  hd123139    51.785   43.048   17.251   14.297   86.455   67.613   56.438   50.200   39.598   34.830
   hd12929    74.284   63.298   25.425   21.119  120.836   94.114   81.157   73.429   58.339   51.291
  hd133774    10.795    9.369    3.711    3.104   17.295   13.396   11.673   10.723    8.674    7.616
    hd1522    17.348   14.620    5.791    4.803   28.488   22.392   18.937   17.115   13.395   11.748
  hd156277     6.700    5.646    2.268    1.883   11.131    8.595    7.239    6.562    5.193    4.585
  hd169916    28.083   23.667    9.374    7.775   46.117   36.250   30.653   27.705   21.683   19.017
  hd175775    17.449   14.705    5.824    4.831   28.654   22.522   19.047   17.215   13.473   11.816
  hd178345    10.393    8.639    3.462    2.869   17.352   13.569   11.327   10.075    7.947    6.989
  HD187642    31.125   25.666   10.274    8.548   52.320   41.529   34.762   30.854   24.381   21.804
  hd189831    10.279    8.921    3.534    2.956   16.469   12.757   11.116   10.211    8.260    7.252
  hd196171    18.938   15.742    6.308    5.228   31.615   24.725   20.638   18.357   14.480   12.737
   HD29291     8.661    7.163    2.877    2.391   14.550   11.438    9.554    8.489    6.704    5.955
   hd32887    50.183   43.552   17.254   14.429   80.398   62.276   54.264   49.844   40.321   35.402
   hd37160     8.774    7.293    2.923    2.422   14.647   11.455    9.562    8.505    6.709    5.901
    hd4128    50.040   41.598   16.670   13.815   83.541   65.333   54.535   48.508   38.264   33.655
   hd47105     6.711    5.568    2.230    1.853   11.326    8.849    7.340    6.496    5.119    4.499
    hd6805    18.317   15.436    6.114    5.071   30.080   23.642   19.994   18.071   14.143   12.403
   hd81420     6.224    5.402    2.140    1.790    9.971    7.724    6.730    6.183    5.001    4.391
Object      N(Broad   Q(Broad  Nprime   Qa 18.5  Si-1 7.9 Si-2 8.8 Si-3 9.7 Si-4 10. Si-5 11. Si-6 12. 
  HD100029    49.647   43.419   17.388   14.416   80.206   60.577   54.121   49.856   40.160   35.370
   HD10110     4.853    4.212    1.691    1.415    7.851    5.992    5.203    4.791    3.911    3.454
  HD101666     8.120    7.047    2.792    2.335   13.009   10.077    8.780    8.066    6.524    5.728
  HD102224    17.501   14.914    5.991    4.976   28.471   22.174   19.121   17.301   13.746   12.085
  HD102461    12.168   10.562    4.275    3.578   19.802   14.977   12.981   11.971    9.826    8.706
  HD102964     9.866    8.514    3.383    2.800   15.677   12.284   10.838    9.946    7.803    6.868
    HD1032    12.302   10.758    4.408    3.657   20.204   14.878   13.219   12.227   10.002    8.895
   HD10380    12.447   10.742    4.268    3.533   19.778   15.498   13.672   12.548    9.845    8.664
  HD105340     5.452    4.646    1.866    1.550    8.869    6.907    5.957    5.390    4.282    3.764
   HD10550     6.453    5.569    2.213    1.831   10.254    8.034    7.088    6.505    5.104    4.492
  HD105943     4.852    4.211    1.693    1.417    7.857    5.988    5.198    4.788    3.912    3.456
  HD106321     6.888    5.944    2.400    1.988   11.073    8.523    7.489    6.894    5.468    4.845
  HD107274    14.754   12.903    5.245    4.350   24.091   17.901   15.936   14.718   11.974   10.613
  HD107328     5.366    4.460    1.787    1.481    8.958    7.006    5.848    5.201    4.103    3.609
  HD108381     7.184    6.122    2.459    2.043   11.688    9.102    7.849    7.102    5.643    4.961
  HD108985     4.339    3.766    1.492    1.248    6.952    5.385    4.692    4.310    3.486    3.061
  HD109511     4.289    3.655    1.468    1.219    6.977    5.433    4.685    4.240    3.368    2.961
  HD109551     9.355    8.073    3.208    2.655   14.865   11.648   10.276    9.431    7.399    6.512
  HD110014     6.283    5.354    2.151    1.786   10.221    7.960    6.865    6.211    4.935    4.338
  HD110458     5.092    4.232    1.696    1.406    8.500    6.647    5.549    4.936    3.893    3.424
  HD111067     6.140    5.298    2.105    1.742    9.755    7.644    6.744    6.189    4.856    4.274
  HD111335     9.279    8.053    3.190    2.668   14.866   11.515   10.033    9.217    7.456    6.546
  HD111862     4.850    4.241    1.699    1.408    7.835    5.917    5.287    4.870    3.923    3.455
  HD111915    12.843   11.083    4.404    3.645   20.409   15.991   14.108   12.947   10.158    8.940
  HD112213    13.848   12.110    4.935    4.094   22.655   16.782   14.930   13.796   11.245    9.978
  HD113092     4.976    4.240    1.703    1.415    8.094    6.303    5.436    4.919    3.908    3.436
   HD11353    13.205   10.977    4.399    3.646   22.047   17.241   14.392   12.801   10.098    8.882
  HD113996    12.746   11.062    4.382    3.665   20.422   15.818   13.782   12.661   10.241    8.991
  HD114326     4.577    3.973    1.574    1.316    7.334    5.681    4.950    4.547    3.678    3.229
  HD114780     7.235    6.327    2.534    2.101   11.687    8.828    7.887    7.265    5.852    5.154
  HD115046     7.043    6.159    2.466    2.045   11.377    8.594    7.678    7.072    5.696    5.017
  HD115478     4.722    4.075    1.619    1.340    7.503    5.880    5.187    4.760    3.735    3.287
  HD116870     9.820    8.588    3.439    2.851   15.864   11.982   10.706    9.861    7.943    6.996
  HD116976     4.464    3.711    1.487    1.232    7.453    5.828    4.866    4.328    3.414    3.003
  HD119193     5.776    5.050    2.056    1.705    9.440    7.003    6.232    5.757    4.688    4.158
  HD120477    29.015   25.183    9.976    8.343   46.489   36.009   31.376   28.822   23.314   20.470
  HD120933    37.976   32.961   13.309   11.137   61.687   46.782   40.573   37.402   30.648   27.128
  HD121710     8.594    7.416    2.947    2.439   13.656   10.700    9.440    8.663    6.797    5.982
  HD123123    21.984   18.736    7.526    6.251   35.764   27.855   24.021   21.734   17.267   15.181
  HD123139    52.784   43.880   17.583   14.573   88.122   68.914   57.528   51.170   40.362   35.501
    HD1240     8.960    7.836    3.138    2.602   14.474   10.932    9.767    8.997    7.247    6.383
  HD124294    15.937   13.753    5.465    4.523   25.323   19.843   17.505   16.065   12.605   11.093
  HD124547     9.969    8.603    3.418    2.829   15.840   12.412   10.950   10.049    7.885    6.939
  HD124882    12.839   10.941    4.395    3.650   20.887   16.267   14.028   12.692   10.084    8.865
   HD12524    10.401    9.026    3.576    2.991   16.664   12.907   11.246   10.331    8.357    7.337
  HD125560     5.583    4.818    1.914    1.585    8.871    6.951    6.132    5.628    4.416    3.886
    HD1255    12.583   11.004    4.407    3.654   20.326   15.353   13.717   12.635   10.177    8.964
  HD125932     7.585    6.545    2.601    2.153   12.052    9.444    8.331    7.646    5.999    5.279
  HD126927     7.228    6.273    2.485    2.078   11.581    8.970    7.816    7.180    5.808    5.099
  HD127093     9.210    8.055    3.226    2.674   14.880   11.239   10.041    9.249    7.450    6.561
  HD127665    22.398   19.328    7.680    6.356   35.588   27.885   24.601   22.578   17.715   15.590
  HD128000     5.906    5.125    2.030    1.698    9.462    7.329    6.386    5.866    4.745    4.166
  HD128068     6.141    5.299    2.154    1.784    9.921    7.580    6.650    6.127    4.883    4.339
  HD128902     5.841    4.977    2.098    1.745    9.838    7.264    6.189    5.649    4.638    4.162
  HD129078    22.778   19.657    7.810    6.465   36.193   28.360   25.020   22.962   18.016   15.855
   HD12929    74.284   63.298   25.425   21.119  120.836   94.114   81.157   73.429   58.339   51.291
  HD130157     5.841    5.069    2.046    1.712    9.486    7.196    6.241    5.753    4.713    4.171
  HD130694    15.065   13.000    5.165    4.275   23.937   18.757   16.547   15.186   11.915   10.486
  HD132833    13.043   11.406    4.648    3.856   21.337   15.807   14.062   12.994   10.591    9.398
  HD133165     6.842    5.687    2.279    1.889   11.422    8.932    7.456    6.632    5.231    4.601
  HD133550     5.683    4.932    1.991    1.666    9.229    7.002    6.072    5.597    4.586    4.059
  HD133774    10.974    9.525    3.773    3.156   17.583   13.620   11.867   10.901    8.818    7.742
   HD13520    12.586   10.861    4.316    3.572   19.999   15.671   13.825   12.687    9.955    8.761
  HD135758     6.431    5.345    2.142    1.775   10.735    8.395    7.008    6.233    4.917    4.325
   HD13596     7.971    6.971    2.792    2.314   12.877    9.726    8.689    8.004    6.448    5.679
  HD136028     4.745    4.118    1.631    1.364    7.602    5.888    5.131    4.713    3.812    3.347
  HD136422    43.906   38.106   15.096   12.624   70.346   54.488   47.476   43.615   35.279   30.975
  HD137744     6.717    5.830    2.309    1.931   10.762    8.336    7.263    6.673    5.397    4.738
  HD137759    21.700   18.493    7.428    6.170   35.303   27.496   23.710   21.453   17.044   14.985
  HD138265     4.704    4.083    1.617    1.353    7.538    5.838    5.087    4.673    3.780    3.319
  HD138481    13.537   11.748    4.654    3.892   21.688   16.799   14.638   13.447   10.877    9.550
  HD138538    10.202    8.694    3.492    2.901   16.596   12.926   11.146   10.085    8.013    7.045
  HD139063    26.491   22.861    9.083    7.518   42.093   32.985   29.098   26.704   20.953   18.439
  HD139127    15.590   13.530    5.375    4.495   25.027   19.327   16.829   15.467   12.534   11.018
  HD139663     6.168    5.323    2.115    1.751    9.801    7.680    6.775    6.218    4.879    4.293
  HD139669    11.953   10.374    4.110    3.437   19.152   14.834   12.926   11.874    9.605    8.433
  HD140573    37.693   32.122   12.901   10.716   61.317   47.756   41.187   37.266   29.603   26.027
   HD14146     5.243    4.585    1.859    1.542    8.544    6.368    5.672    5.237    4.252    3.765
  HD141477    40.537   35.452   14.198   11.771   65.486   49.467   44.189   40.706   32.791   28.882
  HD141992    15.669   13.599    5.387    4.505   25.105   19.446   16.943   15.565   12.590   11.054
  HD142574    10.178    8.834    3.537    2.959   16.433   12.579   10.931   10.062    8.199    7.231
  HD142676     4.278    3.741    1.521    1.261    6.985    5.191    4.620    4.268    3.472    3.078
  HD143107    12.191   10.389    4.173    3.466   19.831   15.445   13.320   12.051    9.575    8.418
  HD143435     6.595    5.723    2.267    1.896   10.565    8.183    7.130    6.550    5.298    4.652
  HD144204     4.685    4.066    1.611    1.347    7.507    5.815    5.067    4.654    3.765    3.305
  HD145892     6.238    5.414    2.145    1.794    9.995    7.742    6.745    6.197    5.012    4.401
  HD145897     6.309    5.444    2.195    1.818   10.133    7.811    6.866    6.318    5.007    4.434
  HD146051   134.894  117.969   47.307   39.223  218.117  164.513  146.926  135.376  109.151   96.188
   HD14641     6.570    5.702    2.259    1.889   10.526    8.153    7.104    6.526    5.278    4.635
  HD146791    15.908   13.224    5.299    4.392   26.556   20.770   17.337   15.421   12.164   10.699
   HD14872    14.563   12.639    5.007    4.187   23.332   18.073   15.747   14.466   11.701   10.274
   HD14890     5.291    4.509    1.934    1.610    9.024    6.536    5.544    5.076    4.218    3.814
  HD149009     7.502    6.511    2.614    2.187   12.136    9.262    8.043    7.407    6.046    5.339
  HD149447    29.749   25.818   10.228    8.554   47.662   36.918   32.168   29.550   23.903   20.986
  HD150798   125.761  107.172   43.047   35.756  204.596  159.337  137.405  124.325   98.772   86.836
  HD151217    10.909    9.468    3.751    3.136   17.478   13.539   11.797   10.836    8.766    7.696
  HD151249    42.242   36.663   14.524   12.146   67.682   52.426   45.682   41.965   33.944   29.802
  HD151680    52.190   45.038   17.894   14.812   82.927   64.981   57.325   52.609   41.280   36.327
    HD1522    17.653   15.043    6.042    5.019   28.718   22.365   19.287   17.450   13.864   12.189
  HD152326     4.849    4.031    1.615    1.339    8.096    6.331    5.285    4.701    3.708    3.261
  HD152880     5.974    5.224    2.092    1.735    9.651    7.289    6.512    5.999    4.832    4.256
  HD153210    23.056   19.648    7.892    6.555   37.507   29.211   25.191   22.793   18.108   15.921
  HD155410     5.594    4.827    1.918    1.587    8.888    6.964    6.144    5.639    4.424    3.893
  HD156277     6.646    5.664    2.275    1.890   10.812    8.420    7.261    6.570    5.220    4.589
  HD156283    40.706   35.129   13.958   11.553   64.682   50.681   44.713   41.038   32.198   28.335
   HD15656     9.424    8.179    3.240    2.710   15.099   11.696   10.191    9.361    7.573    6.649
  HD156652     4.876    4.265    1.708    1.416    7.878    5.949    5.316    4.897    3.945    3.474
  HD157325     9.080    7.941    3.180    2.636   14.669   11.079    9.898    9.118    7.345    6.469
  HD157999    16.354   13.936    5.597    4.649   26.604   20.719   17.867   16.166   12.844   11.292
  HD158899    13.633   11.765    4.674    3.869   21.662   16.974   14.974   13.742   10.783    9.490
  HD158996     5.019    4.356    1.726    1.443    8.041    6.228    5.427    4.985    4.032    3.541
  HD161096    33.486   28.537   11.463    9.521   54.476   42.423   36.587   33.105   26.301   23.123
   HD16212    12.998   11.367    4.552    3.774   20.997   15.861   14.170   13.053   10.514    9.261
    HD1632     7.981    6.927    2.774    2.320   12.887    9.864    8.572    7.889    6.429    5.671
  HD163376    22.509   19.684    7.990    6.627   36.717   27.322   24.330   22.466   18.262   16.177
  HD163588    15.256   13.000    5.222    4.337   24.819   19.328   16.667   15.081   11.981   10.534
    HD1635     4.777    4.123    1.638    1.356    7.591    5.948    5.248    4.816    3.779    3.325
  HD163770    15.501   13.209    5.306    4.407   25.216   19.638   16.935   15.322   12.174   10.703
  HD164646     7.841    6.858    2.746    2.277   12.668    9.568    8.549    7.875    6.343    5.587
   HD16815     8.399    6.982    2.798    2.319   14.022   10.966    9.154    8.142    6.422    5.649
  HD168323     6.651    5.772    2.287    1.912   10.657    8.254    7.193    6.607    5.344    4.692
  HD168592     9.625    8.353    3.309    2.767   15.420   11.945   10.408    9.561    7.734    6.790
  HD168723    15.660   13.017    5.216    4.323   26.145   20.444   17.065   15.179   11.973   10.532
  HD168775     8.134    6.931    2.784    2.313   13.232   10.306    8.887    8.041    6.388    5.617
  HD169414    14.337   12.218    4.908    4.076   23.323   18.165   15.665   14.173   11.260    9.900
  HD169916    28.066   23.917    9.607    7.980   45.657   35.560   30.662   27.745   22.043   19.380
  HD170693     6.413    5.465    2.195    1.823   10.433    8.126    7.007    6.340    5.037    4.428
  HD170951     4.178    3.654    1.463    1.213    6.751    5.098    4.556    4.196    3.380    2.977
  HD171759    12.188   10.132    4.060    3.365   20.346   15.913   13.283   11.815    9.320    8.197
   HD17361     6.185    5.271    2.117    1.758   10.061    7.835    6.757    6.114    4.857    4.270
  HD173780     5.922    5.047    2.027    1.684    9.634    7.503    6.471    5.854    4.651    4.089
  HD174387    11.062    9.673    3.916    3.248   18.009   13.442   11.978   11.055    8.969    7.936
  HD175775    17.744   15.121    6.074    5.045   28.865   22.482   19.387   17.541   13.936   12.253
  HD176524     5.069    4.214    1.689    1.399    8.463    6.619    5.525    4.914    3.876    3.409
  HD176670     8.307    7.169    2.890    2.393   13.338   10.287    9.044    8.320    6.592    5.837
   HD17709    21.042   18.262    7.235    6.050   33.713   26.113   22.753   20.902   16.907   14.844
  HD177716    24.126   20.560    8.258    6.859   39.246   30.569   26.359   23.850   18.949   16.660
  HD177808     7.748    6.776    2.713    2.250   12.516    9.454    8.447    7.780    6.268    5.520
  HD178345    10.327    8.585    3.440    2.851   17.241   13.484   11.255   10.011    7.897    6.946
  HD179886     5.520    4.763    1.893    1.567    8.771    6.873    6.064    5.564    4.366    3.842
  HD180450    10.891    9.525    3.877    3.216   17.800   13.207   11.753   10.858    8.842    7.841
  HD181109     5.130    4.486    1.826    1.515    8.385    6.221    5.536    5.114    4.165    3.694
  HD182709     7.143    6.199    2.499    2.091   11.589    8.805    7.639    7.040    5.763    5.097
   HD18293     7.748    6.686    2.657    2.199   12.311    9.647    8.511    7.810    6.128    5.393
  HD183439    25.952   22.696    9.089    7.535   41.926   31.669   28.290   26.061   20.993   18.490
  HD184406     7.701    6.645    2.640    2.186   12.236    9.588    8.459    7.763    6.091    5.360
   HD18449     5.815    4.956    1.991    1.653    9.460    7.368    6.354    5.749    4.567    4.016
  HD184827    10.806    9.450    3.785    3.138   17.457   13.186   11.781   10.852    8.741    7.699
  HD184996     5.239    4.582    1.835    1.521    8.463    6.392    5.711    5.261    4.237    3.732
  HD186619     6.934    6.064    2.429    2.013   11.202    8.461    7.559    6.963    5.609    4.940
  HD186791    71.186   61.428   24.782   20.522  114.365   88.121   77.455   71.271   56.498   50.043
  HD187150     5.020    4.357    1.754    1.468    8.137    6.191    5.373    4.951    4.048    3.579
  HD187660     4.529    3.930    1.557    1.302    7.256    5.620    4.897    4.499    3.639    3.195
    HD1879     5.476    4.789    1.918    1.590    8.847    6.682    5.970    5.499    4.429    3.902
  HD188056     5.236    4.519    1.795    1.486    8.320    6.520    5.752    5.278    4.142    3.645
  HD188114     9.540    7.930    3.178    2.634   15.927   12.456   10.396    9.248    7.294    6.417
  HD188154     8.432    7.319    2.950    2.469   13.682   10.395    9.019    8.311    6.802    6.018
  HD188310     4.870    4.048    1.622    1.344    8.129    6.358    5.307    4.720    3.724    3.275
  HD188603    12.637   10.905    4.420    3.661   20.371   15.614   13.708   12.624   10.041    8.912
  HD189140     7.223    6.316    2.561    2.124   11.771    8.772    7.814    7.214    5.859    5.187
  HD189276    12.510   10.858    4.348    3.637   20.200   15.461   13.436   12.367   10.078    8.888
  HD189319    52.132   45.590   18.258   15.137   84.219   63.609   56.833   52.351   42.168   37.140
  HD189695     5.465    4.743    1.879    1.571    8.755    6.781    5.909    5.428    4.391    3.855
  HD189831    10.429    9.051    3.586    2.999   16.709   12.943   11.277   10.360    8.380    7.358
  HD190056     6.266    5.340    2.145    1.781   10.193    7.938    6.846    6.195    4.921    4.326
  HD192107     8.054    6.990    2.769    2.316   12.905    9.996    8.709    8.001    6.472    5.682
  HD192781     4.803    4.169    1.651    1.381    7.696    5.961    5.194    4.772    3.860    3.389
  HD193002     5.425    4.744    1.900    1.575    8.764    6.619    5.914    5.448    4.388    3.865
  HD193579     5.296    4.596    1.821    1.523    8.485    6.572    5.726    5.261    4.255    3.736
   HD19460     5.048    4.415    1.768    1.466    8.156    6.160    5.504    5.069    4.084    3.597
   HD19476     9.168    7.621    3.054    2.531   15.305   11.970    9.991    8.888    7.010    6.166
  HD196171    19.062   15.846    6.350    5.263   31.825   24.888   20.774   18.478   14.575   12.820
  HD196321    14.473   12.561    4.976    4.161   23.190   17.962   15.650   14.377   11.630   10.211
   HD19656     5.848    4.984    2.002    1.663    9.514    7.410    6.390    5.782    4.593    4.038
  HD196917     8.616    7.535    3.018    2.502   13.919   10.513    9.393    8.652    6.969    6.138
  HD197912     7.818    6.499    2.604    2.158   13.052   10.207    8.520    7.579    5.978    5.258
  HD197989    37.118   30.854   12.365   10.247   61.967   48.459   40.448   35.978   28.381   24.964
  HD198048    12.665   10.992    4.355    3.642   20.293   15.718   13.695   12.581   10.176    8.935
  HD198134     6.481    5.593    2.222    1.839   10.298    8.069    7.119    6.534    5.126    4.511
  HD198149    12.685   10.544    4.225    3.502   21.177   16.561   13.824   12.296    9.699    8.531
  HD198357     4.626    3.992    1.586    1.313    7.350    5.759    5.081    4.663    3.659    3.220
  HD198542    35.749   31.260   12.519   10.380   57.752   43.620   38.973   35.897   28.915   25.467
  HD199101     7.993    6.938    2.748    2.298   12.807    9.920    8.644    7.940    6.423    5.639
  HD199345     6.197    5.378    2.131    1.782    9.928    7.690    6.701    6.155    4.979    4.371
  HD199642     4.790    4.157    1.665    1.393    7.734    5.920    5.144    4.735    3.858    3.403
  HD199697     6.076    5.243    2.083    1.724    9.654    7.565    6.674    6.125    4.806    4.229
  HD200644     7.912    6.867    2.772    2.320   12.850    9.749    8.455    7.793    6.385    5.651
  HD200914    26.365   23.056    9.246    7.666   42.633   32.152   28.716   26.459   21.331   18.799
  HD201298     7.449    6.465    2.613    2.187   12.110    9.173    7.954    7.333    6.013    5.325
  HD201901     6.022    5.197    2.065    1.709    9.569    7.498    6.615    6.071    4.763    4.192
  HD203399     5.136    4.458    1.766    1.477    8.230    6.375    5.554    5.103    4.127    3.624
  HD203504     9.116    7.768    3.120    2.592   14.829   11.549    9.960    9.011    7.159    6.294
   HD20356     4.645    4.032    1.627    1.362    7.544    5.724    4.964    4.576    3.749    3.318
   HD20468     9.921    8.455    3.500    2.910   16.498   12.426   10.635    9.675    7.846    6.987
  HD205478    10.380    8.629    3.458    2.866   17.329   13.552   11.313   10.062    7.937    6.981
  HD206445     4.879    4.158    1.743    1.450    8.187    6.080    5.188    4.730    3.870    3.465
   HD20644    18.744   16.174    6.497    5.379   30.013   23.240   20.448   18.803   14.862   13.139
   HD20893     4.980    4.298    1.708    1.413    7.914    6.201    5.471    5.021    3.939    3.467
  HD209688    10.687    9.223    3.664    3.033   16.980   13.306   11.739   10.773    8.453    7.439
  HD211416    52.276   45.114   17.926   14.837   83.071   65.090   57.422   52.697   41.352   36.389
  HD213310    39.669   34.691   13.892   11.518   64.083   48.404   43.248   39.838   32.086   28.261
  HD214868    10.350    8.932    3.595    2.977   16.602   12.823   11.277   10.373    8.212    7.267
   HD21552    14.226   12.276    4.878    4.037   22.604   17.711   15.626   14.340   11.252    9.902
  HD216032    35.214   30.796   12.333   10.225   56.887   42.965   38.388   35.364   28.484   25.087
  HD216149     5.784    5.059    2.026    1.680    9.344    7.058    6.305    5.809    4.679    4.121
  HD216397    15.318   13.396    5.365    4.448   24.749   18.691   16.699   15.382   12.391   10.913
  HD216446     7.546    6.512    2.587    2.142   11.990    9.395    8.288    7.607    5.969    5.253
  HD217902     7.597    6.594    2.612    2.184   12.173    9.429    8.215    7.547    6.104    5.359
  HD218452     6.222    5.401    2.140    1.789    9.970    7.723    6.729    6.181    5.000    4.390
  HD218670     8.506    7.249    2.912    2.418   13.838   10.777    9.294    8.408    6.681    5.873
  HD219449     7.813    6.658    2.674    2.221   12.710    9.899    8.536    7.724    6.137    5.395
  HD219784     7.080    6.033    2.423    2.013   11.518    8.970    7.735    6.999    5.561    4.889
  HD219981     5.446    4.762    1.907    1.581    8.798    6.645    5.937    5.468    4.405    3.880
  HD220009     6.187    5.272    2.118    1.759   10.064    7.838    6.759    6.115    4.859    4.272
  HD220088     7.447    6.512    2.608    2.162   12.030    9.086    8.117    7.477    6.023    5.306
  HD220363     5.752    4.964    1.972    1.632    9.139    7.161    6.317    5.798    4.549    4.003
  HD220440     7.630    6.672    2.672    2.215   12.326    9.310    8.318    7.662    6.172    5.436
  HD220954     7.104    5.905    2.366    1.961   11.859    9.274    7.742    6.887    5.432    4.778
  HD221588     8.145    7.123    2.891    2.398   13.286    9.887    8.805    8.130    6.609    5.854
  HD222404    17.829   15.193    6.103    5.069   29.003   22.588   19.479   17.625   14.002   12.311
  HD224630     8.276    7.183    2.880    2.409   13.376   10.223    8.881    8.176    6.668    5.885
  HD224889     7.640    6.594    2.620    2.168   12.140    9.513    8.392    7.702    6.044    5.318
    HD2261    48.682   40.468   16.217   13.440   81.271   63.556   53.054   47.190   37.224   32.741
   HD22663     5.947    5.068    2.036    1.691    9.675    7.535    6.497    5.878    4.671    4.106
   HD23249    10.852    9.021    3.615    2.996   18.118   14.168   11.827   10.520    8.297    7.298
   HD23319     6.549    5.651    2.245    1.859   10.405    8.153    7.193    6.601    5.180    4.558
   HD23817    12.256   10.445    4.196    3.485   19.940   15.528   13.391   12.116    9.626    8.463
    HD2436     5.381    4.670    1.850    1.547    8.621    6.678    5.818    5.345    4.323    3.796
    HD2486    16.010   14.001    5.607    4.649   25.863   19.536   17.454   16.078   12.950   11.406
   HD25025   102.736   89.842   35.981   29.830  165.971  125.357  111.998  103.164   83.095   73.192
   HD25165     5.723    4.967    1.968    1.646    9.169    7.102    6.188    5.685    4.599    4.037
   HD25274     5.977    5.093    2.164    1.801   10.126    7.410    6.301    5.759    4.754    4.282
   HD25477     5.509    4.781    1.894    1.584    8.827    6.837    5.958    5.473    4.426    3.887
   HD26311     4.720    4.022    1.686    1.403    7.920    5.882    5.018    4.576    3.744    3.352
    HD2637     7.596    6.643    2.660    2.206   12.271    9.268    8.280    7.628    6.144    5.412
   HD26526     4.745    4.150    1.662    1.378    7.666    5.790    5.173    4.765    3.839    3.381
   HD26846     5.020    4.332    1.721    1.425    7.976    6.250    5.513    5.061    3.970    3.494
   HD26967    11.917   10.155    4.079    3.388   19.386   15.098   13.020   11.780    9.359    8.228
   HD27442     5.930    5.054    2.030    1.686    9.648    7.513    6.479    5.863    4.658    4.095
   HD27482     6.414    5.565    2.371    1.987   10.823    7.738    6.621    6.163    5.237    4.743
   HD27639    12.554   10.978    4.462    3.701   20.497   15.231   13.558   12.523   10.189    9.030
   HD27697     9.164    7.618    3.053    2.530   15.298   11.964    9.987    8.883    7.008    6.163
   HD28305    12.069   10.032    4.020    3.332   20.149   15.757   13.152   11.699    9.228    8.117
   HD28413     5.018    4.355    1.725    1.443    8.039    6.227    5.426    4.984    4.032    3.540
   HD28749     6.706    5.786    2.299    1.903   10.654    8.349    7.365    6.759    5.304    4.667
      HD28     5.321    4.423    1.772    1.469    8.883    6.947    5.799    5.158    4.068    3.578
   HD29085     5.374    4.468    1.790    1.484    8.973    7.017    5.857    5.210    4.110    3.615
   HD29503    11.861   10.107    4.060    3.372   19.296   15.027   12.958   11.724    9.315    8.190
   HD30080     4.742    4.041    1.687    1.403    7.934    5.919    5.054    4.605    3.757    3.359
   HD30338     5.992    5.171    2.054    1.700    9.520    7.460    6.581    6.039    4.739    4.170
   HD31312     4.773    4.142    1.641    1.372    7.647    5.923    5.161    4.741    3.835    3.367
   HD31398    78.186   67.469   27.136   22.469  125.330   96.896   85.226   78.385   62.016   54.856
   HD31421    11.727    9.994    4.014    3.334   19.079   14.858   12.813   11.593    9.210    8.098
   HD31767    11.616    9.899    3.976    3.303   18.897   14.717   12.692   11.483    9.123    8.021
   HD32820     7.852    6.776    2.692    2.228   12.476    9.776    8.625    7.916    6.210    5.465
   HD32887    50.208   43.578   17.263   14.437   80.444   62.314   54.295   49.877   40.346   35.422
    HD3346    14.053   12.197    4.891    4.092   22.713   17.359   15.080   13.884   11.324    9.993
   HD33554     9.839    8.539    3.383    2.829   15.764   12.210   10.639    9.774    7.906    6.941
   HD33856     7.488    6.381    2.563    2.129   12.181    9.486    8.180    7.402    5.880    5.170
   HD33872     4.986    4.327    1.740    1.456    8.074    6.153    5.342    4.920    4.020    3.552
   HD34334    10.479    9.043    3.593    2.974   16.650   13.047   11.510   10.563    8.288    7.293
   HD34450     6.772    5.923    2.372    1.966   10.941    8.263    7.383    6.801    5.478    4.825
   HD35536     6.748    5.857    2.320    1.940   10.812    8.375    7.297    6.703    5.422    4.760
   HD36167    18.172   15.772    6.248    5.225   29.114   22.552   19.651   18.052   14.602   12.821
   HD36678     9.233    8.075    3.269    2.711   15.033   11.220    9.998    9.228    7.487    6.625
    HD3712    52.827   43.915   17.598   14.584   88.192   68.971   57.573   51.211   40.395   35.529
   HD37160     8.527    7.088    2.840    2.354   14.235   11.133    9.293    8.266    6.520    5.735
   HD37984     5.762    4.911    1.972    1.638    9.374    7.301    6.296    5.697    4.526    3.979
   HD38944    24.163   21.131    8.463    7.016   39.034   29.485   26.341   24.264   19.545   17.215
   HD39003    10.460    8.695    3.484    2.888   17.462   13.656   11.399   10.139    7.998    7.035
   HD39364    12.252   10.185    4.081    3.382   20.454   15.996   13.353   11.877    9.369    8.240
   HD39400     9.291    7.917    3.229    2.683   15.281   11.704   10.055    9.122    7.323    6.480
   HD39425    24.850   21.176    8.506    7.065   40.423   31.483   27.149   24.565   19.516   17.158
   HD39523     6.253    5.329    2.141    1.778   10.172    7.923    6.832    6.182    4.911    4.318
   HD39853     7.697    6.680    2.646    2.213   12.332    9.552    8.323    7.646    6.184    5.430
   HD40035    10.854    9.023    3.616    2.997   18.121   14.171   11.829   10.521    8.300    7.301
   HD40091     9.047    7.851    3.110    2.601   14.494   11.227    9.782    8.986    7.269    6.382
   HD40808    10.841    9.012    3.611    2.993   18.098   14.154   11.815   10.510    8.290    7.291
   HD41047     8.279    7.185    2.846    2.380   13.263   10.274    8.952    8.224    6.652    5.840
    HD4128    49.897   41.478   16.621   13.774   83.299   65.142   54.373   48.369   38.152   33.557
   HD41312     8.502    7.337    2.915    2.413   13.509   10.585    9.339    8.571    6.725    5.918
   HD42540     5.564    4.801    1.908    1.579    8.840    6.927    6.111    5.609    4.400    3.872
   HD42633     4.815    4.155    1.651    1.367    7.651    5.996    5.289    4.854    3.809    3.352
    HD4301     6.330    5.535    2.217    1.838   10.226    7.723    6.901    6.357    5.120    4.510
   HD43785     5.401    4.489    1.799    1.491    9.016    7.051    5.886    5.236    4.129    3.632
   HD44951     4.768    4.115    1.635    1.353    7.576    5.937    5.237    4.807    3.771    3.319
   HD45018     8.458    7.341    2.908    2.432   13.552   10.497    9.146    8.401    6.796    5.967
    HD4502    11.576    9.865    3.962    3.291   18.832   14.666   12.648   11.444    9.091    7.993
   HD45669     6.491    5.634    2.232    1.867   10.400    8.056    7.020    6.448    5.216    4.580
   HD45866     4.884    4.239    1.679    1.404    7.826    6.061    5.281    4.852    3.925    3.446
   HD46037     6.507    5.690    2.279    1.889   10.511    7.939    7.093    6.534    5.263    4.636
   HD46184     4.740    4.091    1.625    1.345    7.532    5.902    5.206    4.778    3.749    3.300
   HD46815     5.173    4.463    1.805    1.495    8.324    6.397    5.619    5.173    4.108    3.642
   HD47174     6.075    5.177    2.079    1.727    9.883    7.696    6.637    6.005    4.771    4.195
   HD47182     5.481    4.757    1.885    1.576    8.781    6.802    5.926    5.444    4.404    3.867
   HD47205     9.247    7.880    3.165    2.629   15.043   11.716   10.104    9.142    7.263    6.385
   HD47536     4.700    4.005    1.609    1.336    7.645    5.954    5.135    4.646    3.691    3.245
   HD47667    10.549    8.990    3.690    3.067   17.431   13.256   11.370   10.327    8.327    7.389
   HD47914    10.133    8.794    3.484    2.914   16.235   12.575   10.957   10.065    8.142    7.148
    HD4815     6.532    5.669    2.246    1.878   10.465    8.106    7.063    6.488    5.249    4.608
   HD48217     9.999    8.745    3.502    2.904   16.154   12.202   10.901   10.042    8.088    7.124
   HD48433     7.541    6.268    2.512    2.082   12.589    9.845    8.218    7.310    5.766    5.072
   HD49293     6.420    5.337    2.139    1.772   10.718    8.382    6.996    6.223    4.909    4.318
   HD49517     4.670    4.030    1.649    1.366    7.581    5.749    5.035    4.645    3.719    3.314
   HD49520     5.578    4.814    1.913    1.583    8.863    6.945    6.126    5.623    4.412    3.883
   HD49877     7.020    6.092    2.414    2.018   11.247    8.711    7.591    6.973    5.640    4.952
   HD49968     5.033    4.368    1.731    1.447    8.064    6.246    5.442    5.000    4.044    3.551
   HD50235     6.840    5.937    2.352    1.967   10.959    8.489    7.397    6.794    5.497    4.826
   HD50310    31.439   26.792   10.761    8.939   51.145   39.833   34.348   31.079   24.693   21.709
    HD5112    16.584   14.504    5.808    4.815   26.793   20.236   18.079   16.654   13.415   11.816
    HD5234     6.024    5.133    2.062    1.713    9.799    7.632    6.581    5.955    4.731    4.159
   HD52960     6.383    5.508    2.212    1.832   10.222    7.915    6.964    6.403    5.061    4.475
   HD52976     5.198    4.512    1.787    1.495    8.329    6.451    5.621    5.164    4.177    3.667
   HD53287     5.920    5.177    2.144    1.780    9.798    7.130    6.318    5.855    4.825    4.311
   HD53501     6.200    5.350    2.152    1.782    9.938    7.684    6.758    6.216    4.918    4.350
   HD53510     5.704    4.988    1.998    1.656    9.214    6.960    6.218    5.728    4.613    4.063
    HD5462     7.258    6.346    2.615    2.170   11.965    8.760    7.773    7.196    5.907    5.266
   HD54716    10.175    8.781    3.489    2.888   16.168   12.669   11.177   10.258    8.048    7.083
   HD55526     5.461    4.654    1.869    1.553    8.884    6.919    5.967    5.399    4.289    3.771
   HD55775     6.191    5.374    2.129    1.780    9.920    7.684    6.695    6.151    4.975    4.368
   HD55865    11.040    9.177    3.678    3.048   18.429   14.413   12.031   10.702    8.441    7.425
   HD57423    11.631   10.172    4.074    3.377   18.791   14.193   12.680   11.680    9.408    8.287
   HD57646     6.820    5.919    2.377    1.988   11.033    8.420    7.312    6.734    5.497    4.854
    HD5848     9.835    8.382    3.366    2.796   16.000   12.461   10.746    9.723    7.724    6.792
   HD59294     8.284    7.060    2.836    2.355   13.477   10.496    9.052    8.190    6.506    5.720
   HD59311     5.987    5.197    2.059    1.722    9.593    7.431    6.474    5.948    4.811    4.224
   HD59381     6.817    5.916    2.379    1.990   11.039    8.412    7.303    6.727    5.496    4.856
   HD59717    63.833   55.398   21.946   18.352  102.265   79.215   69.022   63.399   51.290   45.031
   HD60522    33.574   29.362   11.759    9.749   54.236   40.967   36.604   33.715   27.158   23.920
    HD6112     8.280    7.241    2.951    2.448   13.544   10.034    8.927    8.249    6.724    5.966
   HD61248     8.685    7.495    2.978    2.465   13.800   10.813    9.539    8.755    6.869    6.045
   HD61294     8.394    7.340    2.972    2.464   13.665   10.199    9.088    8.388    6.806    6.022
   HD61338    14.574   12.649    5.011    4.191   23.349   18.087   15.760   14.477   11.710   10.282
   HD61603     5.237    4.545    1.801    1.506    8.390    6.499    5.662    5.202    4.208    3.694
    HD6186     6.623    5.506    2.206    1.828   11.057    8.647    7.218    6.420    5.064    4.454
   HD61935     9.151    7.607    3.048    2.526   15.277   11.947    9.973    8.871    6.997    6.154
   HD62044     9.320    7.942    3.190    2.650   15.162   11.808   10.183    9.213    7.320    6.435
   HD62285     9.342    8.108    3.212    2.686   14.967   11.593   10.101    9.280    7.506    6.590
   HD62689     5.094    4.455    1.828    1.517    8.374    6.158    5.469    5.060    4.143    3.687
   HD62721    12.385   10.749    4.258    3.561   19.842   15.370   13.392   12.302    9.951    8.737
   HD62902     4.555    3.953    1.566    1.310    7.297    5.652    4.925    4.524    3.660    3.213
   HD63295     9.550    7.938    3.181    2.636   15.943   12.468   10.407    9.257    7.302    6.424
   HD63696     6.342    5.504    2.181    1.824   10.161    7.871    6.858    6.300    5.096    4.474
   HD63697     5.131    4.427    1.759    1.456    8.152    6.388    5.635    5.172    4.058    3.571
   HD63744     4.945    4.111    1.647    1.365    8.256    6.456    5.389    4.793    3.781    3.326
   HD64307     5.822    5.024    2.026    1.678    9.351    7.208    6.337    5.831    4.620    4.092
   HD65662     5.425    4.681    1.921    1.592    8.823    6.672    5.839    5.389    4.323    3.857
   HD65695     5.638    4.805    1.930    1.603    9.172    7.144    6.160    5.574    4.428    3.893
   HD66141    11.198    9.542    3.833    3.184   18.219   14.188   12.235   11.069    8.795    7.733
   HD67582     8.340    7.198    2.860    2.367   13.252   10.384    9.161    8.408    6.597    5.806
    HD6805    18.434   15.709    6.310    5.241   29.987   23.356   20.141   18.224   14.479   12.729
    HD6953     4.904    4.256    1.686    1.410    7.857    6.086    5.303    4.872    3.940    3.459
   HD70272    25.125   21.805    8.639    7.224   40.254   31.180   27.166   24.957   20.187   17.725
   HD70555     9.222    7.958    3.217    2.665   14.839   11.406   10.020    9.224    7.324    6.493
   HD71093     4.768    4.138    1.640    1.371    7.640    5.917    5.156    4.737    3.831    3.364
   HD71095     5.424    4.708    1.865    1.560    8.690    6.732    5.865    5.388    4.359    3.827
   HD71701     7.819    6.663    2.677    2.223   12.721    9.907    8.543    7.729    6.142    5.399
   HD71878    13.306   11.339    4.554    3.783   21.648   16.857   14.537   13.154   10.450    9.188
   HD72094    11.237    9.752    3.864    3.231   18.002   13.945   12.151   11.162    9.029    7.927
     HD720     4.677    3.986    1.601    1.330    7.609    5.926    5.110    4.624    3.674    3.230
   HD73108     7.332    6.247    2.509    2.084   11.927    9.289    8.010    7.247    5.758    5.062
    HD7318     4.854    4.035    1.617    1.340    8.103    6.337    5.289    4.704    3.711    3.264
   HD73471     7.891    6.724    2.701    2.243   12.836    9.997    8.621    7.801    6.197    5.449
   HD73603     6.722    5.834    2.336    1.954   10.854    8.308    7.220    6.646    5.415    4.776
   HD74442    10.237    8.510    3.410    2.826   17.090   13.365   11.156    9.923    7.828    6.885
   HD74860     5.342    4.637    1.862    1.558    8.643    6.596    5.728    5.275    4.306    3.802
   HD75691    14.592   12.593    5.003    4.141   23.186   18.168   16.028   14.710   11.541   10.157
   HD76110     8.523    7.454    2.985    2.475   13.769   10.400    9.291    8.558    6.895    6.072
   HD76351     5.111    4.436    1.757    1.470    8.189    6.343    5.527    5.077    4.107    3.606
    HD7647     5.848    5.076    2.032    1.700    9.443    7.227    6.281    5.781    4.710    4.155
   HD77800     9.682    8.402    3.329    2.784   15.511   12.015   10.469    9.617    7.779    6.830
   HD77996     5.254    4.477    1.817    1.510    8.612    6.631    5.703    5.169    4.136    3.653
     HD787     8.588    7.454    2.953    2.470   13.761   10.659    9.287    8.531    6.901    6.059
   HD79354     9.681    8.402    3.329    2.784   15.511   12.015   10.468    9.617    7.779    6.830
   HD79554     4.971    4.236    1.748    1.453    8.246    6.234    5.340    4.855    3.928    3.494
   HD80493    72.373   62.814   24.884   20.810  115.956   89.815   78.256   71.892   58.153   51.056
   HD81146     8.982    7.654    3.074    2.554   14.611   11.380    9.813    8.879    7.054    6.202
   HD81420     6.321    5.486    2.173    1.817   10.127    7.845    6.835    6.278    5.079    4.459
   HD81799     5.576    4.812    1.912    1.582    8.860    6.942    6.125    5.621    4.410    3.881
   HD81817    16.367   14.123    5.612    4.645   26.005   20.376   17.977   16.498   12.945   11.392
   HD82308    23.015   19.975    7.913    6.618   36.877   28.563   24.887   22.863   18.493   16.237
   HD82381     6.806    5.873    2.334    1.932   10.814    8.474    7.475    6.861    5.383    4.738
   HD82660     4.551    3.950    1.565    1.308    7.291    5.648    4.921    4.521    3.657    3.210
   HD82668    69.040   59.921   23.738   19.850  110.614   85.680   74.652   68.581   55.474   48.706
   HD83126     5.316    4.650    1.862    1.544    8.589    6.487    5.796    5.339    4.301    3.788
   HD83425    10.143    8.753    3.478    2.878   16.116   12.628   11.140   10.225    8.023    7.060
   HD83618    17.876   15.427    6.130    5.074   28.406   22.257   19.636   18.021   14.139   12.443
   HD83787     7.295    6.331    2.539    2.124   11.790    9.011    7.828    7.207    5.878    5.187
    HD8388     8.751    7.595    3.091    2.587   14.295   10.748    9.303    8.588    7.075    6.283
    HD8498     8.553    7.480    2.995    2.483   13.817   10.436    9.324    8.590    6.918    6.093
    HD8512    13.502   11.224    4.498    3.728   22.541   17.628   14.715   13.088   10.325    9.081
   HD85503    13.402   11.421    4.587    3.810   21.803   16.980   14.643   13.249   10.526    9.254
   HD86378     6.472    5.616    2.225    1.861   10.369    8.031    6.998    6.428    5.200    4.565
    HD8705     6.167    5.322    2.115    1.750    9.800    7.678    6.774    6.217    4.878    4.293
   HD87837    15.932   13.748    5.462    4.521   25.314   19.835   17.499   16.059   12.600   11.089
    HD8810     5.801    5.034    1.994    1.668    9.294    7.199    6.272    5.762    4.661    4.092
   HD89388    39.844   34.381   13.660   11.307   63.307   49.604   43.766   40.162   31.513   27.732
   HD89682    14.584   12.585    5.001    4.139   23.171   18.158   16.019   14.701   11.535   10.151
   HD89998     4.618    3.935    1.581    1.313    7.512    5.851    5.045    4.565    3.627    3.189
   HD90957     4.712    4.066    1.640    1.358    7.567    5.833    5.128    4.718    3.739    3.311
   HD91056    24.735   21.626    9.031    7.497   41.168   29.695   26.260   24.371   20.192   18.103
    HD9138     9.666    8.341    3.314    2.743   15.358   12.034   10.617    9.744    7.645    6.728
   HD92305    32.061   27.825   11.023    9.218   51.371   39.789   34.669   31.847   25.761   22.618
   HD92523     8.581    7.405    2.942    2.435   13.635   10.684    9.425    8.651    6.787    5.973
   HD92682     6.556    5.656    2.372    1.966   10.827    7.995    6.960    6.449    5.249    4.726
    HD9362     8.866    7.370    2.953    2.448   14.801   11.575    9.662    8.595    6.779    5.963
   HD93813    32.602   27.782   11.159    9.269   53.038   41.304   35.620   32.227   25.605   22.512
   HD94247     6.125    5.286    2.100    1.738    9.732    7.626    6.728    6.174    4.845    4.263
   HD94264    11.638    9.675    3.877    3.213   19.430   15.195   12.684   11.282    8.899    7.828
   HD94336     4.760    4.162    1.667    1.382    7.689    5.808    5.189    4.780    3.850    3.391
   HD95212     6.320    5.485    2.173    1.817   10.126    7.843    6.834    6.278    5.078    4.459
   HD95272     9.170    7.623    3.055    2.532   15.309   11.972    9.993    8.889    7.012    6.168
   HD95314     5.010    4.348    1.723    1.441    8.027    6.218    5.418    4.977    4.026    3.534
   HD95578    20.155   17.625    7.059    5.852   32.559   24.594   21.971   20.239   16.302   14.358
   HD96833    28.002   23.862    9.585    7.961   45.554   35.478   30.595   27.681   21.992   19.335
    HD9692     4.422    3.867    1.572    1.304    7.220    5.365    4.776    4.411    3.589    3.181
   HD97576     8.945    7.764    3.138    2.626   14.541   11.015    9.551    8.806    7.221    6.394
   HD98118    12.043   10.532    4.218    3.497   19.455   14.695   13.129   12.093    9.741    8.580
   HD98262    30.765   26.549   10.548    8.731   48.885   38.305   33.794   31.013   24.333   21.415
   HD99167    17.272   14.991    5.939    4.967   27.672   21.436   18.677   17.157   13.879   12.185
    HD9927    19.845   17.126    6.805    5.632   31.537   24.707   21.798   20.005   15.697   13.813
   HD99998    13.396   11.560    4.593    3.802   21.286   16.679   14.713   13.504   10.595    9.325
Object      N(Broad   Q(Broad  Nprime   Qa 18.5  Si-1 7.9 Si-2 8.8 Si-3 9.7 Si-4 10. Si-5 11. Si-6 12. 
  HD106321     7.037    6.075    2.414    1.999   11.174    8.759    7.730    7.095    5.568    4.901
  HD109511     4.290    3.656    1.468    1.220    6.979    5.435    4.687    4.241    3.369    2.962
  HD109551     9.260    7.991    3.175    2.628   14.713   11.528   10.170    9.334    7.324    6.445
    HD1240     9.172    8.021    3.212    2.663   14.817   11.191    9.999    9.211    7.419    6.535
  HD124547     9.997    8.627    3.427    2.837   15.884   12.446   10.980   10.077    7.907    6.958
   HD12929    74.097   63.143   25.362   21.066  120.542   93.879   80.956   73.246   58.194   51.168
   HD13520    12.645   10.912    4.336    3.589   20.093   15.744   13.889   12.747   10.001    8.802
  HD141992    15.044   13.057    5.173    4.326   24.102   18.670   16.268   14.944   12.088   10.613
  HD170693     6.523    5.559    2.233    1.855   10.613    8.265    7.127    6.449    5.124    4.504
   HD18449     5.823    4.962    1.993    1.655    9.472    7.377    6.362    5.756    4.573    4.021
   HD20893     5.041    4.350    1.728    1.431    8.010    6.276    5.537    5.082    3.987    3.509
   HD28749     7.044    6.079    2.415    1.999   11.192    8.770    7.737    7.101    5.572    4.903
   HD30338     6.159    5.315    2.112    1.748    9.787    7.669    6.766    6.209    4.872    4.287
   HD31398    79.732   68.821   27.348   22.638  126.615   99.249   87.575   80.380   63.083   55.518
   HD31767    11.531    9.827    3.947    3.279   18.758   14.610   12.599   11.400    9.057    7.963
   HD33872     4.891    4.246    1.683    1.407    7.831    6.068    5.289    4.859    3.931    3.452
   HD34334    10.647    9.188    3.651    3.022   16.917   13.257   11.695   10.733    8.421    7.411
   HD36167    18.800   16.318    6.464    5.406   30.121   23.332   20.330   18.676   15.107   13.263
   HD39364    11.923    9.912    3.972    3.292   19.907   15.568   12.995   11.559    9.117    8.019
   HD39400     8.879    7.569    3.041    2.526   14.435   11.246    9.701    8.779    6.976    6.134
   HD39425    24.269   20.681    8.307    6.900   39.482   30.747   26.515   23.991   19.061   16.758
   HD39523     6.277    5.349    2.148    1.785   10.211    7.953    6.858    6.205    4.930    4.334
   HD42540     5.338    4.607    1.830    1.515    8.482    6.647    5.864    5.382    4.222    3.716
   HD42633     4.722    4.075    1.619    1.340    7.503    5.879    5.187    4.760    3.735    3.287
   HD46815     5.090    4.394    1.746    1.446    8.081    6.335    5.591    5.131    4.027    3.545
   HD55865    11.043    9.179    3.679    3.049   18.435   14.417   12.035   10.704    8.444    7.427
   HD65662     5.517    4.764    1.894    1.568    8.754    6.865    6.060    5.563    4.367    3.844
   HD71878    13.113   11.174    4.488    3.728   21.332   16.613   14.327   12.962   10.298    9.054
    HD8810     5.801    5.034    1.994    1.668    9.294    7.199    6.272    5.762    4.661    4.092
Object      N(Broad   Q(Broad  Nprime   Qa 18.5  Si-1 7.9 Si-2 8.8 Si-3 9.7 Si-4 10. Si-5 11. Si-6 12. 
  HD105116*   22.256   18.315    7.419    6.168   37.900   29.641   24.695   21.936   17.471   15.720
  HD106807*   12.849   10.580    4.261    3.541   21.800   17.129   14.304   12.717   10.103    9.081
  HD118280*  250.444  215.886   86.946   72.037  401.938  311.665  274.540  252.557  200.581  178.556
  HD118290*  565.427  490.272  194.457  162.617  905.952  704.657  615.014  564.940  457.991  404.123
  HD136879*   14.387   11.856    4.809    3.998   24.576   19.083   15.895   14.163   11.326   10.214
  HD139308*  481.377  411.385  166.327  138.089  782.704  607.144  527.722  480.568  383.672  340.953
  HD139513*  131.131  111.620   45.883   38.172  217.166  165.391  142.057  129.114  104.593   93.474
  HD149845*  432.475  369.623  149.916  124.495  705.104  544.601  472.875  430.956  344.896  306.929
   HD15911*    6.019    4.957    1.972    1.637   10.109    8.074    6.772    6.011    4.740    4.249
  HD172651*   1005.32  859.304  354.549  294.777 1662.478 1255.527 1084.597  991.960  804.232  721.154
  HD197806*   72.119   59.866   24.477   20.313  122.220   93.974   78.272   69.903   56.126   50.190
  HD215141*  202.269  174.927   69.508   57.859  323.055  252.596  221.820  203.719  162.730  143.849
  HD216009*   24.271   19.994    8.001    6.644   40.973   32.449   27.162   24.134   19.113   17.161
  HD222732*  143.466  122.594   49.071   40.712  231.326  181.813  158.516  144.057  114.149  101.008
   HD29250*    6.954    5.722    2.312    1.922   11.811    9.261    7.718    6.857    5.449    4.894
    HD5319*  201.623  167.315   67.061   55.576  336.020  265.340  222.383  197.792  156.441  138.747
   HD62388*   12.327   10.155    4.075    3.385   20.861   16.453   13.757   12.231    9.705    8.723
   HD71264*   14.601   12.030    4.859    4.038   24.848   19.414   16.195   14.417   11.494   10.352
   HD84090*   15.017   12.360    4.963    4.124   25.381   20.070   16.769   14.884   11.781   10.567
 SA103_526*   17.782   14.758    5.970    4.951   29.865   23.294   19.467   17.347   13.815   12.299
 SA107_484*   17.867   15.400    6.119    5.065   28.355   22.378   19.791   18.157   14.275   12.634
SA108_1918*   26.854   23.151    9.400    7.793   43.392   33.291   29.255   26.957   21.541   19.245
 SA108_475*   25.924   22.345    9.023    7.477   41.690   32.218   28.361   26.103   20.771   18.512
 SA109_231*  190.914  163.181   67.435   56.072  316.118  238.244  205.726  188.204  152.762  137.065
 SA112_275*   61.927   51.408   21.091   17.507  105.249   80.562   67.024   59.902   48.224   43.183
 SA112_595*   50.743   44.340   17.876   14.827   82.355   61.997   55.380   51.068   41.393   36.712
 SA113_259*   10.091    8.622    3.453    2.865   16.276   12.784   11.145   10.129    8.029    7.106
 SA113_269*   69.798   57.931   23.499   19.490  117.499   91.318   76.241   67.976   54.252   48.351
 SA114_548*   18.627   16.056    6.466    5.357   29.890   23.183   20.421   18.785   14.918   13.279
 SA114_656*    3.440    2.903    1.165    0.967    5.637    4.433    3.793    3.411    2.709    2.399
 SA114_670*   21.612   18.394    7.482    6.220   35.477   27.401   23.608   21.410   17.206   15.307
 SA115_516*   30.330   25.811   10.369    8.613   49.274   38.684   33.461   30.267   24.097   21.324
  SA94_251*   19.672   16.603    6.790    5.642   32.746   25.123   21.371   19.297   15.544   13.871
